NODOS_0 614
GRADO_0 18
NODOS_1 307
GRADO_1 36
N 0
 631 780 835 788 622 807 895 770 665 730 748 620 880 815 911 705 643 726
N 1
 719 717 767 846 865 797 625 661 730 728 706 723 638 709 749 762 820 804
N 2
 663 649 819 749 727 809 697 712 769 686 806 817 740 679 919 684 789 824
N 3
 803 657 699 734 722 726 866 785 920 774 829 854 897 654 917 718 683 691
N 4
 806 800 886 618 844 920 850 803 650 795 863 902 686 654 665 896 868 670
N 5
 833 920 787 794 639 836 869 843 860 703 659 649 726 733 748 909 657 687
N 6
 654 693 910 845 760 785 761 856 911 736 691 756 630 916 623 628 638 650
N 7
 826 748 718 866 840 703 733 756 879 686 823 882 741 621 851 647 777 651
N 8
 910 808 628 821 715 701 854 841 651 827 709 712 661 621 763 881 728 634
N 9
 691 698 883 758 713 801 716 815 773 861 833 738 820 793 720 663 830 646
N 10
 732 735 700 852 773 836 875 736 825 889 839 912 631 901 693 627 720 731
N 11
 630 632 902 728 671 722 813 873 868 780 844 658 820 650 831 754 643 683
N 12
 793 815 672 826 653 857 876 870 818 833 643 799 805 697 911 743 822 819
N 13
 636 637 623 661 727 618 696 885 763 697 888 876 803 708 827 659 909 858
N 14
 657 871 846 623 720 845 821 723 850 727 692 753 614 677 913 705 865 636
N 15
 632 811 905 694 876 640 884 778 639 683 847 698 882 910 814 750 800 883
N 16
 713 692 760 906 898 823 734 919 912 677 743 862 866 805 780 658 624 895
N 17
 869 804 638 895 647 690 786 747 680 892 785 643 736 739 911 623 819 678
N 18
 909 812 717 617 615 677 753 772 731 691 697 849 709 851 793 743 785 683
N 19
 707 700 716 739 875 918 638 740 853 839 688 809 870 764 862 674 770 854
N 20
 684 718 627 709 698 863 856 636 897 713 909 810 858 805 729 656 650 866
N 21
 898 718 878 808 826 735 902 819 707 845 827 771 733 731 721 769 806 730
N 22
 810 653 785 856 714 916 795 666 640 805 750 774 690 808 691 918 816 729
N 23
 656 895 794 701 843 764 833 706 852 776 871 619 691 891 901 682 882 893
N 24
 629 706 628 640 626 672 825 804 676 845 908 638 771 785 772 853 868 700
N 25
 735 878 662 783 763 857 681 713 772 734 897 743 906 771 792 913 654 907
N 26
 633 777 767 776 645 619 663 782 757 614 883 713 672 684 691 897 667 862
N 27
 619 835 854 629 635 713 743 727 766 645 824 898 778 672 794 627 807 641
N 28
 823 887 631 760 833 744 766 762 632 789 699 732 624 909 891 856 859 636
N 29
 846 837 775 669 848 763 782 732 719 809 816 658 705 905 784 692 709 618
N 30
 688 653 701 638 654 712 697 824 893 851 756 631 649 719 916 845 708 683
N 31
 886 764 912 853 797 876 920 870 847 716 817 762 900 805 908 727 667 884
N 32
 621 650 695 711 825 681 675 914 791 631 620 815 827 672 704 701 852 862
N 33
 829 617 909 641 727 636 679 635 874 670 869 800 858 785 897 618 828 681
N 34
 918 774 766 863 671 810 900 846 738 752 699 818 628 807 790 823 721 623
N 35
 652 783 773 720 800 824 653 771 615 881 849 836 816 884 614 717 815 803
N 36
 737 853 776 628 626 906 741 845 813 635 711 865 761 639 633 732 694 801
N 37
 832 754 617 702 768 889 669 778 902 844 829 765 708 840 798 861 901 797
N 38
 843 897 770 664 630 804 679 626 647 652 912 688 709 815 623 782 634 614
N 39
 918 890 746 826 789 741 833 889 680 831 689 880 897 841 704 792 816 653
N 40
 741 759 832 804 722 650 754 740 632 785 727 876 873 702 622 646 637 634
N 41
 789 737 792 687 882 887 691 703 795 627 823 635 729 625 619 892 895 844
N 42
 626 623 735 718 824 713 788 746 658 619 726 697 721 730 823 661 798 674
N 43
 767 720 645 779 776 811 815 912 792 657 830 718 685 642 761 803 728 638
N 44
 840 616 821 855 880 814 704 900 857 904 867 780 615 667 665 708 761 637
N 45
 840 761 790 857 726 829 897 637 770 904 806 824 687 778 626 772 893 645
N 46
 721 672 667 624 803 817 696 836 746 731 617 680 862 701 673 651 787 807
N 47
 770 676 617 735 771 719 787 615 784 745 642 669 653 826 823 740 810 905
N 48
 898 849 786 803 692 668 809 642 914 800 709 616 819 863 713 752 826 618
N 49
 623 667 904 850 717 635 719 914 878 843 893 664 783 920 703 708 842 675
N 50
 796 624 641 750 846 899 631 668 914 742 726 640 830 918 622 823 684 649
N 51
 783 698 873 893 793 687 726 765 648 819 835 816 812 696 674 761 731 779
N 52
 727 636 674 838 664 622 746 837 645 814 903 897 666 682 725 658 741 648
N 53
 815 867 812 742 838 868 701 816 821 639 854 625 783 663 717 777 842 687
N 54
 635 812 806 902 783 747 759 650 908 665 748 666 905 784 907 758 817 752
N 55
 764 731 701 692 920 883 646 778 773 919 661 783 740 859 720 686 803 693
N 56
 709 617 918 819 840 649 696 877 764 908 821 830 825 892 853 665 751 793
N 57
 850 773 814 769 915 755 709 719 821 665 705 876 859 777 730 732 627 797
N 58
 697 631 797 670 839 799 700 911 691 796 852 867 859 874 676 733 732 717
N 59
 854 754 802 878 836 795 909 742 664 727 793 728 901 780 871 832 631 905
N 60
 862 765 723 891 907 792 803 632 760 774 806 918 773 799 892 832 776 682
N 61
 827 651 798 693 918 866 906 783 679 750 891 659 890 911 642 811 777 844
N 62
 761 694 884 707 628 715 788 682 809 711 706 736 635 873 819 651 673 709
N 63
 793 737 694 617 849 874 802 772 683 870 890 869 703 742 722 917 668 799
N 64
 900 919 912 762 766 779 770 851 657 902 887 713 881 695 752 685 777 675
N 65
 655 644 833 904 852 828 856 746 848 872 767 747 704 647 726 849 769 629
N 66
 689 614 800 881 908 703 898 847 715 919 732 664 674 777 640 705 755 656
N 67
 880 773 640 857 691 750 713 716 833 660 671 785 831 826 700 847 834 635
N 68
 713 870 657 912 655 712 830 834 679 813 805 700 733 802 804 698 686 785
N 69
 831 701 649 690 652 624 782 695 637 686 893 646 868 667 744 714 710 661
N 70
 726 799 837 889 738 629 830 759 878 772 707 909 631 687 829 814 900 797
N 71
 833 776 722 689 766 916 863 779 750 693 853 721 906 755 784 630 881 740
N 72
 730 647 897 883 812 869 760 678 893 731 684 836 691 793 780 765 699 814
N 73
 704 891 668 643 811 712 632 673 783 785 910 827 862 686 729 694 793 687
N 74
 703 658 895 814 741 892 865 841 707 716 831 888 843 877 704 820 896 755
N 75
 684 667 913 615 686 648 884 701 810 898 800 661 797 630 824 712 655 696
N 76
 633 743 707 752 635 916 704 836 781 818 726 722 749 866 701 667 886 879
N 77
 816 906 704 870 855 815 743 742 899 764 900 750 678 651 765 859 676 770
N 78
 900 619 870 749 658 779 832 835 644 786 724 753 669 667 831 651 621 840
N 79
 671 913 748 871 764 860 889 645 874 837 710 615 906 865 734 873 821 723
N 80
 675 790 905 712 871 838 798 741 703 915 747 803 710 898 840 742 912 850
N 81
 886 793 749 745 842 675 647 750 646 657 630 627 685 773 708 856 761 755
N 82
 789 793 661 784 780 918 913 796 666 715 689 691 694 651 898 682 894 889
N 83
 696 712 904 793 917 736 623 778 615 647 734 774 885 638 818 856 631 792
N 84
 722 804 805 614 750 768 794 812 899 747 891 710 678 719 617 724 707 723
N 85
 658 787 785 755 667 655 747 782 630 680 765 914 843 632 691 791 666 714
N 86
 873 911 727 646 887 771 823 831 908 802 710 792 628 916 653 674 874 804
N 87
 685 835 918 916 661 899 898 790 905 824 728 907 640 873 802 713 858 818
N 88
 853 729 731 754 850 799 737 811 833 885 868 872 689 830 825 862 655 748
N 89
 700 756 655 747 796 637 871 660 681 909 862 865 874 677 839 716 788 727
N 90
 714 718 903 858 896 663 907 680 845 842 711 670 757 836 846 782 886 681
N 91
 717 719 902 655 715 860 755 686 700 820 863 814 740 739 646 839 850 857
N 92
 735 729 827 614 765 645 890 845 713 653 830 836 751 708 886 637 720 657
N 93
 893 733 761 712 648 808 644 835 791 792 728 869 756 634 880 683 715 821
N 94
 722 672 646 749 721 806 769 899 618 826 804 812 626 771 907 822 852 737
N 95
 623 717 679 754 616 776 736 834 713 653 821 825 843 761 669 769 667 755
N 96
 688 648 706 833 780 905 747 801 879 866 798 897 792 739 851 745 811 881
N 97
 836 682 834 708 680 788 697 880 775 699 879 813 801 865 701 810 830 823
N 98
 875 915 632 649 765 726 781 737 842 829 783 826 633 822 905 849 684 778
N 99
 841 878 628 640 679 614 700 854 623 824 775 909 845 811 732 882 736 761
N 100
 704 836 757 904 803 913 717 692 783 765 831 798 748 675 802 796 697 664
N 101
 694 869 851 744 801 763 889 797 646 713 693 640 844 757 742 796 812 660
N 102
 895 661 711 781 710 828 657 690 694 760 843 639 745 680 882 735 815 726
N 103
 712 819 798 745 895 633 877 778 663 761 897 729 908 805 708 821 724 685
N 104
 809 854 739 885 629 900 704 901 721 813 714 806 689 859 679 833 695 628
N 105
 901 898 879 689 687 741 721 875 854 840 920 650 899 690 648 727 812 674
N 106
 724 912 693 729 775 767 756 804 720 841 738 716 831 913 622 803 867 780
N 107
 724 817 801 802 755 750 824 884 846 689 723 690 618 632 841 777 633 716
N 108
 898 619 659 884 767 794 677 905 723 781 753 892 743 836 713 894 670 887
N 109
 819 709 647 837 911 914 655 691 683 790 847 909 728 758 681 887 685 902
N 110
 811 867 916 749 754 640 745 859 843 809 719 743 877 886 777 801 725 776
N 111
 779 907 743 892 732 778 694 919 835 870 702 887 644 760 790 796 623 853
N 112
 724 836 869 653 859 805 786 660 658 704 780 633 875 809 915 680 818 912
N 113
 808 838 652 618 628 889 731 861 662 872 892 906 721 795 714 630 918 870
N 114
 673 635 665 901 845 854 691 618 743 706 786 688 762 654 699 868 641 876
N 115
 647 665 805 674 624 711 768 806 867 699 632 696 688 848 648 903 655 724
N 116
 700 699 710 881 691 653 683 745 842 634 740 693 795 757 844 836 621 718
N 117
 652 790 723 884 876 831 681 891 682 788 663 668 743 777 759 693 840 718
N 118
 706 890 827 860 865 857 861 816 736 831 645 790 826 917 888 764 914 749
N 119
 678 843 620 913 777 677 692 771 794 911 881 907 758 668 772 725 767 803
N 120
 679 709 722 780 907 763 835 804 836 629 814 712 903 848 649 871 723 810
N 121
 705 839 784 896 670 640 913 907 798 797 791 848 875 769 783 650 808 659
N 122
 877 821 684 858 820 818 742 843 790 663 874 619 782 809 635 626 901 744
N 123
 755 840 664 899 898 686 694 746 919 691 815 864 907 910 752 736 906 895
N 124
 911 633 917 874 770 882 679 802 795 708 674 832 892 877 789 725 793 740
N 125
 872 779 768 699 680 669 774 782 758 820 916 706 667 717 671 675 892 626
N 126
 695 817 848 699 681 739 808 749 835 671 858 831 722 881 913 719 834 811
N 127
 859 861 765 778 851 678 796 827 834 785 857 707 618 721 799 908 735 807
N 128
 762 833 614 820 797 767 844 896 784 704 737 624 828 781 701 623 678 710
N 129
 698 827 619 780 854 751 885 634 680 696 770 839 672 846 830 738 896 776
N 130
 863 786 770 751 882 763 626 814 713 633 628 641 845 744 832 723 756 800
N 131
 645 724 846 699 715 834 643 734 841 661 753 881 847 738 880 829 750 623
N 132
 627 675 899 872 858 784 755 863 890 630 641 722 920 814 876 652 906 800
N 133
 868 732 895 744 650 626 803 774 714 648 742 799 665 852 791 768 673 864
N 134
 624 813 853 677 695 911 910 807 742 676 706 858 840 747 838 848 904 764
N 135
 874 839 722 822 690 633 886 876 635 648 616 896 899 912 841 681 893 754
N 136
 641 804 787 762 685 808 905 748 835 909 646 661 857 711 884 826 776 862
N 137
 621 771 652 835 703 640 909 729 857 744 845 860 886 841 749 864 915 763
N 138
 769 800 693 728 845 698 775 853 897 822 870 879 838 636 860 676 851 774
N 139
 624 687 784 644 822 766 892 732 715 693 750 747 780 868 798 764 627 711
N 140
 711 869 736 743 808 757 678 907 787 731 648 920 791 825 908 726 759 784
N 141
 813 644 641 798 904 882 889 823 910 794 642 788 764 686 819 787 868 834
N 142
 676 700 881 617 808 651 645 705 899 768 658 641 752 748 642 787 798 783
N 143
 716 642 698 825 634 859 759 725 779 678 712 901 652 787 754 687 817 785
N 144
 899 745 702 767 912 638 789 841 838 752 629 764 721 671 865 628 848 832
N 145
 724 841 792 862 710 645 726 920 814 622 856 762 886 915 769 838 776 836
N 146
 725 864 743 825 719 847 759 616 805 727 661 907 770 666 842 696 749 894
N 147
 686 880 861 696 810 756 779 882 784 853 869 771 789 622 845 772 891 703
N 148
 863 830 624 848 725 859 916 630 897 876 776 675 849 668 754 820 625 633
N 149
 906 689 746 714 638 873 699 844 708 627 614 749 695 820 885 631 665 841
N 150
 684 801 616 869 775 795 791 918 882 746 919 855 866 757 765 870 867 714
N 151
 878 825 704 677 815 748 618 823 705 707 693 638 767 756 866 864 763 765
N 152
 913 807 694 669 678 721 711 770 837 662 737 886 872 911 639 894 841 729
N 153
 920 822 874 774 721 854 832 737 641 643 837 729 877 658 889 796 783 788
N 154
 888 709 836 685 696 715 629 708 749 822 813 897 818 693 806 850 620 739
N 155
 842 812 772 776 791 691 777 692 888 868 915 851 637 880 670 914 802 904
N 156
 919 705 678 633 792 625 688 874 702 884 810 877 751 917 712 619 627 753
N 157
 757 660 839 889 614 705 738 754 822 892 633 680 739 725 847 701 666 751
N 158
 875 725 905 817 842 621 796 625 912 813 837 644 728 871 690 743 744 768
N 159
 702 915 719 829 781 645 861 787 733 797 903 841 881 750 751 912 623 713
N 160
 718 855 704 818 798 737 623 744 761 742 872 726 803 841 861 836 906 904
N 161
 711 660 890 615 761 701 781 751 845 851 891 837 875 822 744 722 670 826
N 162
 680 732 866 738 718 832 785 873 825 905 855 861 654 875 899 722 698 669
N 163
 867 866 822 703 807 650 740 845 702 851 791 844 774 671 623 898 902 651
N 164
 644 752 671 779 771 860 702 740 723 919 875 909 745 814 729 679 907 786
N 165
 817 881 810 675 781 689 718 739 840 887 671 709 683 678 867 667 784 896
N 166
 660 733 895 694 699 915 875 848 779 854 728 891 827 730 865 746 723 634
N 167
 659 668 638 658 772 645 758 839 736 842 821 832 890 749 666 728 757 675
N 168
 831 721 625 910 790 918 824 673 913 830 825 641 856 660 628 624 694 710
N 169
 795 873 836 804 694 683 651 740 686 762 678 650 645 803 730 688 883 785
N 170
 634 898 837 855 756 746 809 629 662 639 621 648 881 700 637 640 649 683
N 171
 708 733 915 759 884 758 828 784 888 619 855 625 853 875 735 677 796 692
N 172
 705 626 877 618 829 903 648 666 630 661 868 646 702 736 806 788 906 895
N 173
 786 861 685 806 886 849 825 817 857 920 635 675 834 885 919 760 896 895
N 174
 816 916 820 743 707 810 629 728 691 786 641 828 685 737 622 642 839 624
N 175
 763 866 869 747 883 796 695 914 832 749 639 770 754 826 830 906 726 840
N 176
 643 652 781 798 709 876 911 902 904 808 895 787 673 855 616 757 751 735
N 177
 730 915 649 742 865 784 838 646 791 693 766 691 812 704 855 834 837 655
N 178
 910 865 673 856 844 835 818 683 807 670 696 878 752 766 846 690 634 849
N 179
 901 800 758 811 790 714 893 743 660 630 696 622 666 629 891 808 861 685
N 180
 790 834 918 747 895 630 852 637 740 767 650 642 731 874 712 620 666 856
N 181
 766 689 841 848 733 797 663 899 780 809 815 695 661 917 648 830 807 886
N 182
 784 815 776 717 619 641 805 791 617 827 724 734 752 700 630 647 904 751
N 183
 737 906 728 626 879 909 668 850 800 837 855 873 857 856 900 829 917 903
N 184
 707 863 914 838 659 748 722 798 703 741 623 766 919 721 893 712 696 675
N 185
 684 637 897 894 687 754 725 792 722 781 688 629 690 627 707 642 818 809
N 186
 869 745 728 748 668 843 732 662 788 621 762 632 792 820 889 651 914 785
N 187
 804 699 768 812 640 864 695 648 865 633 794 832 725 837 914 665 907 775
N 188
 788 725 779 664 887 818 805 646 629 742 897 688 893 710 771 715 783 759
N 189
 648 718 673 796 622 844 752 677 914 856 632 723 870 841 749 836 704 693
N 190
 723 879 711 738 638 680 646 824 889 903 857 767 673 697 755 854 676 780
N 191
 658 697 677 773 738 734 636 902 875 843 749 666 701 891 634 866 826 750
N 192
 636 808 711 667 864 662 675 724 663 641 903 885 874 621 614 793 650 848
N 193
 695 633 729 709 803 908 744 864 660 727 812 719 917 758 737 862 763 620
N 194
 732 676 638 832 644 725 698 857 696 662 867 828 796 669 787 665 616 901
N 195
 659 822 676 815 831 625 651 837 888 753 878 778 789 862 770 902 708 653
N 196
 664 688 711 675 792 877 784 684 831 766 649 847 871 845 884 691 878 672
N 197
 710 692 839 735 684 705 810 886 674 852 747 913 678 856 768 877 641 715
N 198
 846 638 641 722 830 660 690 670 794 675 917 895 831 715 700 894 898 652
N 199
 866 874 915 855 850 732 641 818 680 904 814 655 616 615 852 769 668 868
N 200
 867 628 887 831 637 623 728 916 694 835 662 855 734 695 696 708 891 680
N 201
 872 738 770 820 836 674 889 684 828 622 625 712 832 858 702 718 775 636
N 202
 671 835 673 896 771 837 739 650 669 753 649 807 626 878 919 752 742 844
N 203
 668 637 729 720 853 724 770 655 799 804 867 697 767 852 855 894 742 712
N 204
 649 849 735 622 755 771 702 821 881 693 661 657 891 673 663 807 916 679
N 205
 820 635 782 773 884 830 809 622 680 896 708 656 909 813 654 792 633 858
N 206
 631 738 694 872 840 808 662 894 756 880 656 719 842 780 814 918 818 910
N 207
 901 631 894 832 735 772 734 707 872 830 794 904 648 787 780 644 914 863
N 208
 854 791 875 655 789 835 775 653 905 896 752 903 711 798 902 677 824 620
N 209
 846 748 735 707 702 647 910 677 908 773 845 615 755 756 842 727 634 657
N 210
 769 871 690 759 770 691 817 890 774 734 777 671 920 854 915 867 828 629
N 211
 901 685 881 895 843 714 739 631 767 649 669 837 815 898 617 907 756 723
N 212
 660 647 678 671 839 636 806 763 615 712 835 829 899 877 799 879 751 717
N 213
 654 898 865 904 829 668 661 673 860 671 884 620 639 780 812 864 666 698
N 214
 654 766 637 750 657 904 630 751 816 723 790 777 914 793 720 789 838 633
N 215
 717 842 624 776 778 664 680 732 713 769 895 903 753 861 758 763 790 745
N 216
 811 738 757 665 763 756 787 816 828 854 908 644 889 687 635 879 703 812
N 217
 854 698 734 646 851 782 769 794 888 915 878 656 834 740 753 914 856 667
N 218
 886 881 631 848 852 913 867 757 918 802 746 738 724 828 632 834 729 820
N 219
 755 851 654 782 797 906 859 883 705 622 768 754 860 801 864 877 671 732
N 220
 670 673 861 920 677 641 859 780 664 755 702 917 805 781 652 743 616 640
N 221
 859 768 901 643 749 746 734 853 875 690 864 622 750 702 869 724 872 620
N 222
 750 888 912 700 653 785 876 806 892 693 764 894 759 824 831 724 651 659
N 223
 891 748 749 894 844 868 678 829 918 892 637 644 635 869 648 814 618 621
N 224
 639 656 884 721 842 820 702 857 821 916 843 883 774 779 906 744 632 880
N 225
 643 742 616 658 881 654 913 812 750 908 781 878 885 725 897 720 623 775
N 226
 890 626 736 869 735 768 788 871 870 759 833 808 905 656 623 758 852 835
N 227
 908 741 763 852 809 736 632 730 824 842 774 793 643 663 696 666 648 817
N 228
 822 682 776 663 782 885 616 916 876 854 703 757 881 784 825 694 673 819
N 229
 774 754 794 868 851 838 797 673 826 770 856 914 637 810 697 630 784 844
N 230
 760 790 848 893 826 661 767 640 851 743 858 709 669 832 656 731 818 805
N 231
 861 687 821 666 643 892 688 801 853 875 864 832 731 808 838 774 744 786
N 232
 816 836 660 860 850 708 655 879 773 739 792 793 654 633 682 796 770 878
N 233
 886 690 909 703 828 834 810 622 668 724 774 837 893 646 638 791 739 813
N 234
 695 661 630 732 840 631 688 803 625 805 861 829 694 873 675 646 637 913
N 235
 734 912 844 722 757 658 782 851 871 708 662 738 863 701 751 894 732 632
N 236
 833 808 775 661 700 815 753 777 781 904 842 714 917 618 786 821 809 911
N 237
 872 915 837 804 732 821 838 689 848 661 756 660 727 825 646 807 839 869
N 238
 862 886 839 794 797 869 837 845 762 672 885 724 748 665 795 626 634 779
N 239
 737 759 902 690 835 753 778 674 919 870 738 843 860 700 819 662 672 751
N 240
 615 773 650 804 899 901 645 902 890 846 727 658 652 748 903 853 918 794
N 241
 798 615 885 702 905 638 778 760 628 894 752 835 833 634 866 673 672 625
N 242
 697 745 810 675 680 757 775 860 776 716 884 876 825 813 920 869 765 754
N 243
 615 893 757 849 687 736 656 899 766 730 857 742 655 699 804 841 668 827
N 244
 770 722 796 704 860 625 710 885 703 791 867 734 627 908 691 819 889 700
N 245
 847 618 769 825 662 877 735 741 674 886 714 801 893 919 776 654 900 860
N 246
 715 682 631 828 729 807 650 903 816 666 663 855 762 620 836 744 809 643
N 247
 887 788 837 862 819 737 880 752 715 644 679 795 692 746 799 629 866 838
N 248
 751 779 857 877 656 715 686 843 674 695 852 616 833 915 859 667 906 698
N 249
 703 796 844 732 784 636 821 639 873 870 822 642 901 759 666 860 807 754
N 250
 617 711 807 813 684 906 676 846 683 900 867 750 817 861 655 697 659 849
N 251
 642 751 892 682 663 692 848 919 866 635 718 857 874 697 847 768 882 907
N 252
 742 687 885 700 800 636 860 890 715 877 858 755 681 643 880 626 772 849
N 253
 618 875 748 864 889 820 812 642 740 874 778 863 686 804 818 904 903 717
N 254
 790 871 618 644 754 752 813 733 653 869 873 650 842 672 630 811 795 812
N 255
 710 768 762 649 766 754 640 850 806 862 890 725 786 914 650 798 857 817
N 256
 735 683 804 897 904 814 826 884 843 793 847 853 614 631 776 739 887 856
N 257
 748 794 734 855 714 826 761 731 791 723 790 678 614 896 706 772 909 831
N 258
 688 669 824 878 920 744 629 677 645 812 830 636 848 740 871 719 749 750
N 259
 722 797 648 880 804 734 753 893 849 782 890 686 752 746 690 873 647 617
N 260
 676 634 627 688 614 769 646 790 691 724 915 639 615 813 889 711 685 653
N 261
 698 856 823 662 890 861 627 673 826 918 623 679 659 832 728 670 776 840
N 262
 839 787 887 910 851 911 750 667 880 790 797 672 785 779 782 615 618 850
N 263
 709 783 896 867 644 676 743 643 650 900 868 894 768 801 845 760 757 782
N 264
 797 644 854 792 712 733 621 710 778 701 827 847 834 795 697 740 688 859
N 265
 674 907 677 796 775 620 723 890 781 666 805 695 656 792 851 763 761 875
N 266
 796 771 683 725 713 684 741 850 817 910 664 843 672 867 860 733 815 646
N 267
 881 709 777 623 715 640 664 692 882 739 816 630 620 622 867 745 874 627
N 268
 787 823 782 744 804 684 711 701 718 714 682 904 650 881 676 839 634 790
N 269
 840 649 621 888 893 772 619 731 679 864 618 631 625 799 692 841 730 781
N 270
 814 862 728 844 875 675 654 680 797 662 648 874 882 873 825 763 903 843
N 271
 667 911 765 773 741 831 762 819 659 710 628 882 775 716 856 870 830 717
N 272
 681 841 811 819 857 639 657 824 723 631 912 670 643 867 916 795 693 638
N 273
 865 699 818 908 797 814 687 625 704 710 748 708 635 824 632 711 836 871
N 274
 887 849 737 644 662 775 639 713 837 700 915 900 908 906 748 858 631 919
N 275
 647 718 883 701 758 638 617 692 626 865 823 847 624 652 771 719 742 642
N 276
 801 854 668 646 890 800 707 807 641 644 632 791 628 716 720 891 624 715
N 277
 906 878 643 673 718 825 705 683 647 840 645 866 731 642 661 902 659 758
N 278
 868 907 657 869 700 851 645 773 881 761 688 788 681 896 698 723 745 620
N 279
 727 843 863 746 686 734 756 856 805 840 741 906 789 817 687 842 644 893
N 280
 840 637 703 658 697 705 838 743 855 714 696 690 662 767 699 842 715 860
N 281
 866 689 885 843 697 718 646 799 913 621 842 615 803 820 635 759 917 802
N 282
 808 770 807 827 707 876 689 733 616 736 822 851 644 706 881 617 732 784
N 283
 633 766 783 762 691 810 795 683 658 864 725 669 905 642 679 791 821 738
N 284
 728 656 909 763 897 637 879 884 907 703 788 774 843 904 690 681 735 817
N 285
 833 734 898 683 661 652 894 644 712 686 868 716 863 645 648 780 728 906
N 286
 640 711 736 781 903 820 628 879 797 858 826 887 745 623 697 706 753 819
N 287
 744 790 674 712 866 673 792 626 713 741 680 682 639 704 618 808 914 915
N 288
 729 651 686 904 800 920 634 894 618 675 858 646 842 726 773 766 763 685
N 289
 664 894 678 896 680 770 739 801 908 846 823 862 847 677 624 775 765 727
N 290
 862 709 909 739 720 695 679 745 920 834 890 678 704 698 805 749 901 784
N 291
 758 714 764 882 896 840 874 621 620 741 650 837 913 789 652 751 721 876
N 292
 824 865 912 733 814 735 730 635 682 743 911 663 886 857 890 862 867 782
N 293
 844 904 885 758 905 882 636 881 840 673 717 689 628 742 855 683 726 893
N 294
 690 617 688 730 677 655 755 674 899 796 799 898 651 686 858 625 678 660
N 295
 867 657 762 818 917 883 652 645 902 778 779 626 677 634 915 767 752 665
N 296
 920 900 658 692 622 778 684 620 893 653 876 759 673 700 724 642 682 675
N 297
 847 866 694 721 683 703 666 833 824 860 872 811 918 897 635 838 792 810
N 298
 822 713 879 890 912 882 816 697 656 841 710 872 856 837 768 685 838 839
N 299
 652 714 721 910 899 774 653 730 777 731 879 632 767 858 916 798 682 728
N 300
 844 741 833 889 643 699 711 705 675 818 710 745 863 683 751 829 810 737
N 301
 912 666 745 827 692 828 720 802 772 721 651 788 852 763 838 628 792 756
N 302
 647 694 880 750 760 888 911 662 809 848 914 792 842 804 748 866 892 768
N 303
 761 827 835 855 755 717 701 852 792 879 738 881 694 833 880 919 643 734
N 304
 774 617 910 686 740 849 810 772 829 737 763 641 874 792 815 865 822 805
N 305
 818 806 618 640 789 830 793 871 713 904 648 815 720 734 848 674 627 788
N 306
 798 896 893 870 626 769 737 829 625 833 821 698 773 677 629 644 868 721
N 307
 857 716 885 838 730 659 631 823 750 738 768 808 789 734 743 761 876 882
N 308
 733 625 858 749 675 664 899 819 920 755 752 715 751 721 710 895 767 864
N 309
 778 654 799 883 844 664 659 621 771 714 763 776 904 919 835 828 898 902
N 310
 845 867 815 801 876 700 739 865 669 858 800 718 653 658 914 703 685 733
N 311
 677 620 721 860 814 698 774 757 830 801 729 705 736 685 870 802 780 696
N 312
 749 758 640 899 639 884 753 786 829 894 627 742 662 684 851 892 717 806
N 313
 821 822 653 752 773 662 654 720 753 901 634 828 619 641 894 871 886 679
N 314
 699 729 719 746 777 813 693 810 757 764 766 838 644 900 680 824 828 791
N 315
 883 857 834 843 624 812 680 824 687 707 720 757 823 637 917 718 867 791
N 316
 623 859 798 628 680 731 659 620 815 781 722 663 746 665 658 711 865 677
N 317
 729 818 750 789 865 911 701 624 859 695 834 672 614 873 812 747 647 660
N 318
 681 615 893 738 629 756 887 811 764 832 709 689 835 721 647 642 809 734
N 319
 669 905 789 908 817 721 767 726 849 614 804 632 786 914 635 843 903 878
N 320
 667 695 871 916 863 839 889 825 653 652 702 654 623 632 805 694 829 704
N 321
 657 711 872 706 669 667 913 806 666 646 781 712 912 621 782 833 636 751
N 322
 754 715 735 623 658 886 891 760 806 764 793 907 631 904 677 910 731 636
N 323
 896 882 714 827 852 888 693 747 913 656 815 630 766 662 634 831 820 637
N 324
 625 638 919 622 696 786 797 660 901 899 828 841 806 793 657 644 624 771
N 325
 650 678 752 633 855 628 733 874 656 615 627 832 781 755 749 863 762 856
N 326
 656 661 693 781 720 630 913 749 657 707 672 797 850 726 624 741 793 712
N 327
 916 666 745 838 689 681 674 732 690 653 798 816 791 905 722 866 679 724
N 328
 678 741 901 618 647 745 887 816 739 652 848 614 649 771 656 676 665 917
N 329
 682 749 756 720 641 623 835 869 844 912 691 638 646 787 685 818 745 700
N 330
 740 895 650 690 739 830 622 629 795 700 782 859 806 882 645 731 816 837
N 331
 901 903 655 651 659 761 758 801 657 707 907 671 806 786 616 706 756 897
N 332
 859 804 723 778 686 819 840 762 894 847 876 777 654 709 759 710 776 698
N 333
 734 826 843 760 897 649 887 876 689 805 624 681 736 864 853 732 870 745
N 334
 903 888 751 768 732 787 746 672 702 744 706 830 630 877 813 843 670 883
N 335
 690 917 884 623 761 827 682 805 828 895 841 617 865 768 743 707 703 803
N 336
 880 621 828 827 664 824 847 651 748 841 766 655 857 637 879 884 629 779
N 337
 884 810 748 861 885 824 657 851 878 680 871 639 895 742 767 646 634 763
N 338
 800 677 877 914 705 825 842 815 714 699 698 643 712 880 888 717 891 866
N 339
 827 790 723 616 655 695 648 658 801 830 882 664 748 701 620 859 915 675
N 340
 659 847 815 683 762 772 621 765 865 647 747 787 829 730 715 773 820 688
N 341
 681 910 652 768 616 852 846 808 807 702 658 622 670 741 777 642 827 778
N 342
 793 823 692 631 617 654 860 834 802 708 896 875 680 634 625 845 664 799
N 343
 685 732 897 701 823 785 746 684 743 769 722 713 813 795 741 725 687 695
N 344
 749 838 657 795 857 742 829 807 675 762 658 731 628 735 666 860 622 886
N 345
 907 798 856 800 617 705 863 741 815 630 715 647 770 779 899 659 754 653
N 346
 657 715 621 868 898 920 810 614 813 758 903 725 838 762 647 812 733 660
N 347
 882 853 787 872 748 775 633 759 807 811 705 659 676 671 635 739 877 861
N 348
 775 829 773 713 799 881 865 748 894 672 625 763 789 843 615 745 892 657
N 349
 667 917 662 879 676 705 644 864 855 876 816 643 617 648 650 822 853 668
N 350
 728 798 867 694 643 765 712 896 647 727 745 764 628 751 868 823 887 615
N 351
 687 631 634 734 870 750 887 671 867 692 656 790 714 668 660 733 863 627
N 352
 779 765 751 868 913 675 766 883 817 789 800 729 824 763 632 861 915 740
N 353
 647 901 714 738 899 733 683 654 811 698 898 915 885 883 643 870 670 823
N 354
 622 760 652 793 617 688 851 667 806 789 877 897 687 701 749 700 670 614
N 355
 832 842 887 816 631 717 789 680 844 694 719 857 808 813 850 764 629 784
N 356
 722 809 686 776 878 726 618 766 876 709 844 865 827 754 755 699 803 676
N 357
 648 641 918 760 771 862 914 811 703 899 767 807 859 685 680 759 626 724
N 358
 846 815 717 862 900 647 665 745 715 746 766 837 842 788 769 641 639 683
N 359
 655 707 716 802 844 892 825 624 826 756 789 850 727 737 676 672 621 804
N 360
 793 888 882 713 784 643 670 834 785 847 712 758 899 661 665 704 906 786
N 361
 618 703 786 653 897 673 717 898 887 851 614 670 859 704 631 835 731 626
N 362
 879 866 861 763 728 893 698 747 630 906 900 715 665 654 850 723 674 722
N 363
 700 728 617 771 650 864 836 619 877 661 667 810 894 772 753 672 900 616
N 364
 776 790 868 744 713 908 696 659 802 840 844 788 828 770 842 792 886 752
N 365
 809 773 908 621 862 832 767 674 800 655 678 780 905 904 866 681 801 743
N 366
 777 751 821 636 793 855 714 880 784 834 872 869 615 715 861 841 685 749
N 367
 905 707 891 659 698 804 769 822 764 639 781 730 653 846 740 901 888 895
N 368
 776 726 886 759 797 848 846 781 779 798 861 641 703 847 903 649 639 845
N 369
 667 666 818 654 711 741 794 846 864 808 726 678 630 895 693 852 627 732
N 370
 851 808 720 805 647 879 688 908 866 763 656 615 823 708 857 856 728 626
N 371
 659 616 819 701 688 879 742 916 828 899 801 880 764 651 862 736 791 864
N 372
 618 661 849 634 649 856 715 629 635 675 810 865 803 672 783 780 772 895
N 373
 793 625 744 807 784 740 894 877 863 652 901 856 656 731 891 815 771 623
N 374
 782 816 688 759 858 709 783 764 841 690 788 897 756 728 622 914 909 707
N 375
 655 906 637 759 787 884 664 786 665 882 666 626 681 686 623 920 814 856
N 376
 687 878 622 702 855 876 826 915 882 720 795 899 772 675 788 897 766 661
N 377
 643 618 743 746 646 792 813 699 853 849 731 850 693 857 819 773 765 820
N 378
 784 886 620 759 713 805 646 756 621 631 893 915 811 691 808 749 636 783
N 379
 881 816 649 687 799 749 828 629 848 867 755 658 891 717 782 803 748 814
N 380
 882 725 859 796 816 768 682 797 636 881 634 870 917 884 617 655 643 894
N 381
 635 862 800 677 888 811 746 791 894 919 718 770 823 772 660 776 869 624
N 382
 629 784 869 670 916 783 741 908 697 780 860 769 742 858 642 822 795 615
N 383
 878 889 873 816 634 667 768 649 811 726 765 698 817 709 741 739 919 799
N 384
 879 671 694 632 773 684 811 794 668 832 753 751 857 893 724 740 807 907
N 385
 716 698 817 653 866 718 883 621 736 616 754 728 799 758 851 735 753 706
N 386
 617 835 808 650 910 777 671 809 677 706 689 662 712 691 883 622 615 627
N 387
 846 825 873 706 702 656 915 712 868 783 675 779 785 689 625 714 789 633
N 388
 633 707 901 724 752 699 801 677 666 668 905 718 845 821 783 786 757 730
N 389
 807 902 644 823 888 775 710 699 883 730 695 687 858 892 814 715 838 673
N 390
 655 695 674 890 684 907 787 669 865 632 642 629 755 709 744 779 800 625
N 391
 801 823 887 787 614 642 824 652 725 626 832 783 633 819 752 758 630 763
N 392
 704 891 665 800 627 685 644 785 889 808 883 847 740 775 769 872 900 876
N 393
 825 813 900 618 841 695 831 917 829 684 739 615 635 760 670 903 852 865
N 394
 775 808 647 743 661 749 759 764 919 890 649 917 878 733 847 776 835 668
N 395
 708 839 894 816 692 873 718 918 654 761 906 663 768 759 738 847 858 778
N 396
 871 846 887 786 781 878 790 864 731 759 618 889 679 674 880 888 860 645
N 397
 790 905 812 902 916 853 872 778 806 914 663 686 772 864 881 748 918 793
N 398
 659 900 656 873 641 660 829 726 623 874 637 770 783 835 909 882 618 861
N 399
 772 662 717 698 810 759 910 838 654 722 875 666 622 917 735 902 731 695
N 400
 655 842 629 690 739 910 846 675 749 787 669 727 857 740 723 645 801 756
N 401
 701 805 621 836 875 761 896 794 746 906 668 637 919 710 911 641 873 798
N 402
 845 690 619 890 826 741 800 747 916 775 894 829 708 750 888 742 676 773
N 403
 900 779 856 903 760 913 719 740 812 839 672 803 829 644 905 619 786 827
N 404
 764 667 683 678 688 898 782 919 635 912 690 617 701 888 770 682 653 619
N 405
 897 757 768 717 686 727 731 740 778 733 682 671 889 664 865 887 640 688
N 406
 661 864 628 753 752 861 738 826 760 836 821 737 849 820 875 692 635 837
N 407
 913 853 785 789 649 899 802 643 826 920 715 759 726 892 843 738 683 910
N 408
 634 625 838 817 760 805 816 752 659 702 850 818 616 754 889 735 891 920
N 409
 624 764 889 783 863 859 719 891 657 861 645 873 802 634 867 875 820 818
N 410
 622 616 859 863 833 719 710 794 828 882 809 908 764 831 817 725 714 635
N 411
 617 814 810 641 813 663 700 664 837 723 795 715 692 727 782 769 679 819
N 412
 710 696 753 659 871 918 678 729 831 716 860 630 735 805 760 625 670 830
N 413
 670 682 759 872 663 681 894 669 659 875 765 880 914 753 665 810 734 745
N 414
 655 761 616 649 719 618 738 824 851 822 752 764 811 685 692 879 914 631
N 415
 778 727 863 833 916 904 808 910 760 676 790 681 645 723 751 912 783 703
N 416
 810 725 668 755 676 842 717 781 695 793 628 888 673 918 801 899 696 880
N 417
 676 660 617 884 781 671 882 806 745 720 724 626 888 849 747 800 627 744
N 418
 850 731 726 722 920 729 673 650 632 682 730 791 695 828 913 719 709 667
N 419
 620 618 848 902 696 859 856 872 733 619 866 857 795 862 842 677 746 735
N 420
 737 684 796 878 907 833 909 698 744 823 615 645 751 657 759 636 710 778
N 421
 677 762 854 693 826 754 675 626 697 686 620 745 744 920 747 876 792 849
N 422
 739 673 662 618 854 689 859 749 733 796 683 706 834 888 793 660 663 839
N 423
 780 859 614 620 640 812 771 898 697 862 630 807 879 673 753 794 789 890
N 424
 868 655 898 660 709 630 645 823 761 756 624 652 725 899 763 736 872 916
N 425
 617 824 889 908 716 841 861 644 868 642 888 764 875 773 650 742 661 683
N 426
 716 863 685 803 628 663 782 664 891 858 885 739 639 656 877 823 684 755
N 427
 704 723 771 729 632 737 820 718 892 829 690 614 896 920 714 734 672 668
N 428
 706 704 701 777 871 878 779 791 801 681 626 736 658 798 833 790 756 650
N 429
 797 816 860 794 670 643 807 905 736 656 648 661 786 751 914 850 862 619
N 430
 722 847 661 686 820 755 867 645 642 790 718 696 863 784 865 854 664 841
N 431
 685 739 809 631 780 855 772 694 909 653 813 753 719 879 662 845 839 822
N 432
 769 791 907 806 870 877 720 731 906 615 859 786 760 911 633 869 832 771
N 433
 747 838 920 748 915 694 702 846 754 679 729 765 716 884 642 772 869 777
N 434
 719 895 727 750 724 687 703 738 662 709 696 791 806 911 747 910 771 644
N 435
 632 885 787 835 688 868 684 806 755 714 697 721 909 847 855 616 741 767
N 436
 614 912 860 869 750 676 825 693 885 886 871 772 629 863 679 687 621 724
N 437
 744 669 857 873 665 803 903 854 735 792 831 917 705 772 896 847 877 668
N 438
 654 660 761 732 736 645 797 834 780 636 688 657 715 693 876 771 702 782
N 439
 878 644 772 860 825 704 913 639 722 809 804 837 694 759 766 627 708 891
N 440
 640 695 708 669 900 818 801 769 714 681 828 677 858 790 812 670 852 910
N 441
 898 722 766 787 632 886 809 706 800 825 771 761 818 736 630 701 819 880
N 442
 824 714 642 760 673 850 739 821 803 872 870 743 904 816 768 708 826 844
N 443
 864 812 628 660 620 621 764 699 751 631 901 860 919 794 715 648 742 697
N 444
 622 804 659 812 720 918 690 857 770 752 737 822 704 670 776 919 902 879
N 445
 826 919 780 911 791 858 912 864 850 761 856 872 834 861 737 677 653 736
N 446
 802 789 616 741 796 732 648 679 806 777 731 656 890 672 628 857 823 705
N 447
 724 883 710 781 875 791 778 665 689 817 774 723 659 620 635 706 763 664
N 448
 772 723 701 760 660 773 904 740 616 766 890 893 700 645 872 689 862 781
N 449
 771 695 908 733 867 615 683 865 629 768 715 727 853 849 659 820 914 912
N 450
 817 875 802 765 773 693 892 793 683 730 846 654 788 902 628 650 888 752
N 451
 693 854 909 870 819 699 724 836 762 757 866 816 823 780 905 813 811 824
N 452
 627 904 690 753 658 642 737 752 876 811 781 670 624 656 705 640 802 856
N 453
 725 669 705 670 648 668 634 672 796 877 736 845 727 737 892 788 654 655
N 454
 903 831 624 695 833 615 686 773 785 818 810 625 816 760 669 682 761 769
N 455
 754 684 898 708 818 916 871 782 652 620 855 913 615 802 750 626 707 647
N 456
 909 843 799 787 649 737 818 722 824 798 817 631 662 916 880 653 676 766
N 457
 643 754 622 681 769 724 872 767 727 785 829 658 633 720 920 725 659 649
N 458
 771 775 757 881 765 730 656 815 690 821 889 672 887 806 711 768 882 660
N 459
 644 893 718 627 642 808 819 689 763 680 640 668 902 727 906 738 685 705
N 460
 794 875 682 906 877 822 699 900 902 766 638 646 848 838 635 909 886 627
N 461
 654 656 848 620 799 664 860 805 789 764 802 697 754 626 847 850 761 821
N 462
 895 800 883 649 696 657 809 911 909 730 908 678 780 674 752 833 850 860
N 463
 902 673 869 614 789 905 721 774 742 663 893 681 834 750 903 769 911 847
N 464
 698 765 795 875 745 799 873 919 896 674 666 840 737 651 900 844 679 764
N 465
 754 729 852 671 887 807 652 788 632 661 833 684 795 667 899 693 778 877
N 466
 772 738 900 898 614 695 803 765 792 808 911 654 672 656 698 616 798 850
N 467
 692 633 858 672 655 671 777 762 718 856 867 669 793 646 878 660 914 687
N 468
 810 781 636 834 815 674 759 812 796 719 806 644 741 717 691 919 905 816
N 469
 917 869 717 845 840 874 623 748 631 697 744 730 719 747 755 871 621 843
N 470
 680 681 877 730 790 874 647 888 682 898 812 820 891 795 784 832 846 683
N 471
 804 653 794 682 633 893 619 648 747 624 855 693 809 711 901 625 873 723
N 472
 734 681 852 749 837 875 641 655 693 878 818 777 863 812 717 785 656 688
N 473
 872 915 686 620 665 797 810 765 844 834 754 642 890 763 881 917 898 891
N 474
 801 898 830 753 911 831 896 767 918 756 692 845 795 809 777 846 718 660
N 475
 794 850 739 881 820 855 775 817 832 738 769 899 658 700 833 913 638 625
N 476
 719 701 863 706 783 732 803 632 798 903 618 896 843 850 869 620 633 807
N 477
 717 899 785 738 670 760 747 774 894 696 740 882 716 766 772 625 636 671
N 478
 829 773 845 696 863 705 897 832 698 872 638 883 666 642 905 621 637 739
N 479
 632 713 744 769 757 827 647 700 844 791 883 649 896 775 818 702 762 628
N 480
 621 910 794 733 687 633 868 615 664 640 863 891 743 873 911 737 741 691
N 481
 759 890 831 799 702 889 781 653 908 885 891 638 689 674 788 629 712 651
N 482
 769 845 792 630 676 913 678 723 811 616 852 687 765 904 744 768 911 836
N 483
 776 634 655 627 802 760 714 633 653 652 640 718 852 799 819 758 676 643
N 484
 704 913 627 748 641 760 752 770 630 880 740 751 912 883 729 622 723 746
N 485
 771 702 852 788 619 774 755 688 901 840 805 911 885 653 821 917 798 779
N 486
 864 642 761 639 614 796 738 746 779 916 771 902 890 629 753 667 716 751
N 487
 733 837 848 829 845 627 853 704 679 729 727 665 728 723 864 705 905 746
N 488
 803 736 847 824 885 788 818 834 863 728 795 769 915 625 775 689 636 838
N 489
 860 645 696 901 796 855 677 689 684 867 767 626 857 887 793 833 753 725
N 490
 862 864 688 682 667 811 786 854 700 870 871 865 840 771 812 762 848 796
N 491
 813 708 815 883 891 886 738 877 913 844 854 833 688 678 757 746 703 916
N 492
 756 640 632 614 819 802 637 880 699 684 794 830 889 633 634 729 747 626
N 493
 693 900 755 852 871 724 890 676 903 716 918 631 880 671 614 838 717 794
N 494
 730 646 893 640 834 620 761 696 847 885 625 912 785 779 692 827 772 908
N 495
 641 651 800 850 878 886 746 626 762 859 689 717 884 703 616 732 896 617
N 496
 884 820 765 663 831 666 917 754 778 755 839 834 874 664 918 690 808 877
N 497
 617 876 649 716 740 809 671 830 662 732 793 615 796 778 915 817 721 756
N 498
 697 839 897 787 841 908 720 767 663 826 887 774 855 684 725 917 686 893
N 499
 848 774 916 920 649 829 787 695 694 709 899 849 707 760 879 622 847 902
N 500
 804 893 652 666 838 915 701 712 692 699 622 629 682 638 742 902 710 635
N 501
 823 765 783 708 890 830 869 702 811 879 916 908 786 647 616 800 917 901
N 502
 615 871 699 712 807 892 777 905 794 682 853 873 621 623 861 779 799 744
N 503
 757 822 716 818 758 729 782 676 907 840 733 732 787 831 675 657 694 800
N 504
 906 849 670 917 641 846 828 637 629 730 920 636 823 735 871 790 620 795
N 505
 797 788 881 691 669 889 714 825 725 637 798 633 914 681 744 716 816 888
N 506
 814 763 696 755 634 725 907 871 669 663 721 658 791 902 886 878 828 691
N 507
 795 758 634 736 625 648 814 806 677 744 887 774 864 717 866 659 846 686
N 508
 734 763 849 769 708 788 836 807 726 718 798 819 810 795 636 801 878 758
N 509
 692 733 769 847 789 893 800 892 682 657 883 654 621 619 656 710 766 810
N 510
 902 835 757 665 672 795 800 681 792 767 711 917 729 646 851 745 776 853
N 511
 809 831 701 697 730 719 777 868 706 723 793 775 758 745 635 834 765 782
N 512
 767 614 707 877 848 839 910 917 770 753 676 900 768 884 852 826 719 643
N 513
 908 627 629 684 777 652 784 869 799 726 803 679 902 690 834 735 862 755
N 514
 639 888 849 663 731 744 693 831 646 679 784 762 879 889 650 883 758 897
N 515
 726 683 706 658 766 762 753 810 798 722 712 657 814 637 772 730 797 652
N 516
 751 892 844 758 841 878 687 911 743 726 661 872 636 912 720 910 823 891
N 517
 805 774 903 887 669 670 760 703 820 721 813 667 674 739 619 870 832 885
N 518
 705 851 849 785 884 806 639 679 778 807 642 706 627 768 651 671 782 900
N 519
 643 886 773 766 640 686 785 799 711 703 683 900 904 733 651 778 861 627
N 520
 791 817 706 699 772 692 886 682 685 809 785 750 780 649 825 850 623 853
N 521
 819 919 725 719 836 911 704 728 773 619 703 714 694 811 685 637 693 654
N 522
 840 797 881 731 740 813 747 626 688 668 835 758 622 870 632 781 734 794
N 523
 885 867 813 789 854 886 874 745 894 736 690 832 658 903 775 724 702 741
N 524
 640 737 836 707 908 741 842 679 729 627 789 883 637 812 855 676 864 766
N 525
 660 662 724 615 668 720 896 884 917 845 775 784 702 870 782 801 803 646
N 526
 827 849 685 821 693 813 786 644 796 875 779 645 631 728 684 721 756 662
N 527
 842 654 720 753 669 801 799 779 915 890 722 868 903 885 736 873 821 829
N 528
 811 831 616 689 745 641 708 743 674 824 630 730 746 774 638 877 825 657
N 529
 830 786 694 769 910 916 905 828 817 794 746 897 715 868 757 858 750 643
N 530
 839 870 838 720 632 708 671 898 850 666 683 707 777 783 852 795 774 636
N 531
 747 614 638 640 671 769 737 665 864 898 918 894 664 711 814 828 874 848
N 532
 710 807 676 862 729 705 811 894 775 911 633 779 768 813 797 716 778 704
N 533
 681 726 651 840 803 901 762 711 716 767 815 780 627 893 839 708 822 674
N 534
 792 888 722 663 630 742 839 873 687 664 692 662 714 645 674 859 633 705
N 535
 885 781 699 684 680 702 725 915 730 757 800 868 799 625 886 724 697 895
N 536
 728 787 883 818 872 877 621 907 644 825 802 865 827 765 789 813 821 681
N 537
 842 917 681 816 735 711 780 822 656 914 636 652 794 690 651 773 905 801
N 538
 866 918 685 710 628 725 642 847 732 851 824 703 651 641 729 914 827 788
N 539
 721 808 744 755 852 768 807 853 789 724 767 711 770 845 813 689 642 707
N 540
 751 756 671 866 628 716 659 719 839 740 711 809 616 651 739 865 662 880
N 541
 831 652 773 734 910 887 651 673 665 771 654 788 662 872 666 804 743 746
N 542
 871 674 808 844 840 792 680 616 887 678 763 759 855 756 764 689 753 905
N 543
 781 901 634 622 619 888 895 783 762 662 887 786 913 685 639 614 906 624
N 544
 698 905 865 828 708 795 687 738 829 624 656 854 822 651 666 878 823 752
N 545
 897 802 692 750 859 717 679 787 884 635 685 866 900 793 669 783 781 689
N 546
 901 639 813 868 687 667 853 663 767 839 910 702 885 747 889 710 802 735
N 547
 730 674 877 728 754 779 821 753 788 920 782 671 614 814 768 883 903 791
N 548
 910 779 669 624 766 758 690 739 682 748 680 706 651 648 893 903 822 892
N 549
 904 854 645 658 874 745 758 916 684 756 695 768 871 700 814 887 719 636
N 550
 618 839 849 735 781 655 676 880 721 817 712 617 827 767 639 861 636 826
N 551
 873 871 741 853 735 638 619 775 819 705 679 716 764 660 711 889 671 734
N 552
 707 720 872 709 651 784 864 706 782 757 739 783 789 876 760 861 862 663
N 553
 910 698 762 879 898 860 676 851 894 647 697 619 639 764 795 888 895 841
N 554
 910 779 855 902 713 785 636 678 665 682 849 742 624 832 787 786 727 720
N 555
 621 874 851 756 800 760 639 806 829 812 890 820 649 799 706 900 863 667
N 556
 891 631 802 888 679 705 908 638 710 667 848 876 909 695 898 796 788 703
N 557
 794 616 774 629 713 837 833 694 895 862 802 785 741 647 896 818 902 872
N 558
 880 624 875 727 636 720 732 678 706 791 911 800 672 828 912 883 704 729
N 559
 684 737 909 706 890 822 635 790 788 712 811 791 705 836 688 629 661 638
N 560
 665 748 886 890 652 638 752 704 879 615 843 871 892 852 691 876 639 822
N 561
 729 736 751 906 834 833 777 901 652 659 745 732 728 885 677 879 638 918
N 562
 680 716 808 919 786 730 880 825 722 741 742 676 804 696 918 668 758 702
N 563
 837 801 751 844 707 815 881 817 742 900 714 802 882 873 743 639 783 825
N 564
 628 849 673 744 858 713 786 770 839 871 784 879 896 836 892 776 853 795
N 565
 758 896 773 686 740 916 832 620 809 639 779 710 798 837 835 862 675 770
N 566
 648 874 629 852 669 687 762 861 699 873 851 813 909 614 706 738 825 834
N 567
 756 821 757 751 858 736 911 817 895 839 829 689 716 748 810 765 700 671
N 568
 895 773 701 848 784 826 799 658 754 874 786 797 720 651 674 741 833 771
N 569
 735 920 899 876 851 707 642 675 877 915 706 703 657 659 626 860 696 774
N 570
 884 840 709 861 719 692 697 903 782 801 614 852 913 699 870 791 900 649
N 571
 617 822 867 801 799 837 762 663 621 753 868 858 816 714 672 757 639 787
N 572
 632 721 740 812 672 678 677 832 760 794 820 716 644 897 895 652 854 681
N 573
 848 637 850 710 804 835 673 702 874 777 796 743 618 664 868 717 867 660
N 574
 846 697 855 668 651 776 675 734 733 823 624 854 789 879 804 894 687 832
N 575
 885 674 811 749 854 841 803 907 660 805 819 766 792 852 848 857 916 846
N 576
 809 817 827 884 815 666 802 680 664 716 854 811 895 820 744 750 725 860
N 577
 830 755 814 676 664 678 903 640 817 783 837 825 880 653 762 884 841 747
N 578
 698 628 663 775 848 869 826 769 720 799 774 901 827 619 918 726 682 885
N 579
 619 684 888 853 712 777 805 843 664 668 757 643 900 747 918 831 822 864
N 580
 767 670 685 695 865 617 809 621 920 778 669 870 827 869 912 756 638 907
N 581
 876 786 619 814 850 638 681 878 773 904 787 845 652 727 726 712 917 634
N 582
 802 851 858 840 703 750 665 672 880 770 660 647 710 733 859 825 896 689
N 583
 835 776 777 630 844 866 669 699 824 780 875 711 842 859 692 909 736 807
N 584
 716 647 830 657 622 635 806 683 727 892 853 677 875 654 840 868 920 870
N 585
 673 746 826 650 885 880 894 789 692 646 876 719 754 831 801 697 782 658
N 586
 716 828 913 866 838 896 790 746 875 626 701 630 632 673 640 757 619 758
N 587
 746 892 827 816 848 856 745 681 887 645 803 620 704 705 759 643 761 913
N 588
 663 718 668 713 638 843 906 897 774 907 688 700 828 664 835 690 648 735
N 589
 691 766 792 686 747 619 815 892 624 772 651 656 864 702 689 718 883 794
N 590
 685 851 664 855 915 852 636 784 827 668 837 792 906 653 919 717 650 829
N 591
 723 657 692 847 681 794 746 616 667 639 663 671 850 838 873 869 892 679
N 592
 855 678 713 657 623 847 616 670 785 874 764 801 910 739 698 669 854 846
N 593
 904 640 627 708 775 743 760 907 650 856 821 662 737 685 687 858 620 849
N 594
 867 885 713 694 765 720 617 642 790 883 787 835 826 685 761 834 673 870
N 595
 670 785 737 722 846 625 675 668 914 856 726 647 761 680 800 705 819 909
N 596
 624 671 822 891 709 711 882 846 827 859 776 674 620 900 775 862 719 762
N 597
 849 884 619 768 846 704 778 864 758 853 655 724 919 739 628 788 842 694
N 598
 795 912 907 820 916 649 752 747 709 915 742 790 850 842 733 761 807 811
N 599
 774 910 707 809 709 695 863 842 655 698 814 803 888 670 728 682 725 874
N 600
 678 701 849 734 832 796 641 901 776 874 774 775 718 919 633 830 665 686
N 601
 697 781 691 696 689 797 620 748 822 731 856 881 783 782 770 757 619 802
N 602
 878 830 620 799 882 872 899 750 845 672 796 853 662 861 695 721 700 679
N 603
 649 737 619 882 873 907 637 663 738 656 634 834 753 776 665 639 908 835
N 604
 873 804 839 836 657 786 806 870 802 821 679 871 667 692 668 718 820 860
N 605
 798 910 715 775 636 780 819 919 797 879 707 913 691 753 765 706 908 858
N 606
 738 706 645 819 617 917 816 736 670 889 912 872 641 797 828 814 824 861
N 607
 840 721 902 813 878 693 747 858 909 849 734 914 863 896 821 694 728 731
N 608
 772 778 799 765 748 805 723 733 770 879 870 659 892 918 872 814 650 758
N 609
 798 780 810 763 730 874 815 742 771 805 702 791 654 863 786 895 883 764
N 610
 802 709 726 828 733 648 889 888 855 730 767 672 643 841 838 637 747 912
N 611
 688 747 735 655 725 744 708 894 698 836 911 830 727 648 646 909 625 754
N 612
 844 731 707 883 891 812 920 734 669 699 696 805 759 660 796 912 666 788
N 613
 740 808 891 665 839 637 688 890 731 817 903 841 843 830 811 760 724 846
N 614
 14 26 35 38 66 84 92 99 128 149 157 192 256 257 260 317 319 328 346 354 361 391 423 427 436 463 466 486 492 493 512 531 543 547 566 570
N 615
 18 35 44 47 75 79 83 161 199 209 212 240 241 243 260 262 281 318 325 348 350 366 370 382 386 393 420 432 449 454 455 480 497 502 525 560
N 616
 44 48 95 135 146 150 176 194 199 220 225 228 248 282 331 339 341 363 371 385 408 410 414 435 446 448 466 482 495 501 528 540 542 557 591 592
N 617
 18 33 37 46 47 56 63 84 142 182 211 250 259 275 282 294 304 335 342 345 349 354 363 380 386 404 411 417 425 495 497 550 571 580 594 606
N 618
 4 13 29 33 48 94 107 113 114 127 151 172 223 236 245 253 254 262 269 287 288 305 328 356 361 372 377 393 396 398 414 419 422 476 550 573
N 619
 23 26 27 41 42 78 108 122 129 156 171 182 269 313 363 402 403 404 419 429 471 485 509 517 521 543 551 553 578 579 581 586 589 597 601 603
N 620
 0 32 119 154 180 193 208 213 221 246 265 267 278 291 296 311 316 339 378 419 421 423 443 447 455 461 473 476 494 504 565 587 593 596 601 602
N 621
 7 8 32 78 116 137 158 170 186 192 223 264 269 281 291 309 321 336 340 346 359 365 378 385 401 436 443 469 478 480 502 509 536 555 571 580
N 622
 0 40 50 52 106 145 147 174 179 189 201 204 205 219 221 233 267 296 324 330 341 344 354 374 376 386 399 410 444 457 484 499 500 522 543 584
N 623
 6 13 14 17 34 38 42 49 83 95 99 111 128 131 159 160 163 184 200 225 226 261 267 286 316 320 322 329 335 373 375 398 469 502 520 592
N 624
 16 28 46 50 69 115 128 134 139 148 168 174 215 275 276 289 315 317 324 326 333 359 381 409 424 452 454 471 543 544 548 554 558 574 589 596
N 625
 1 41 53 148 156 158 168 171 195 201 234 241 244 269 273 294 306 308 324 342 348 373 387 390 408 412 454 471 475 477 488 494 507 535 595 611
N 626
 24 36 38 42 45 94 122 125 130 133 172 183 202 226 238 252 275 287 295 306 357 361 370 375 391 417 421 428 455 461 489 492 495 522 569 586
N 627
 10 20 27 41 57 81 132 139 149 156 185 244 260 261 267 305 312 325 351 369 386 392 417 439 452 459 460 483 484 487 513 518 519 524 533 593
N 628
 6 8 24 34 36 62 86 99 104 113 130 144 168 200 241 271 276 286 293 301 316 325 344 350 406 416 426 443 446 450 479 538 540 564 578 597
N 629
 24 27 65 70 104 120 144 154 170 174 179 185 188 210 247 258 306 318 330 336 355 372 379 382 390 400 436 449 481 486 500 504 513 557 559 566
N 630
 6 11 38 71 75 81 85 113 132 148 172 179 180 182 214 229 234 254 267 323 326 334 345 362 369 391 412 423 424 441 482 484 528 534 583 586
N 631
 0 10 28 30 32 50 58 59 70 83 149 206 207 211 218 234 246 256 269 272 274 307 322 342 351 355 361 378 414 431 443 456 469 493 526 556
N 632
 11 15 28 40 60 73 85 98 107 115 186 189 218 224 227 235 273 276 299 319 320 352 384 390 418 427 435 441 465 476 479 492 522 530 572 586
N 633
 26 36 76 98 103 107 112 124 130 135 148 156 157 187 193 205 214 232 283 325 347 387 388 391 432 457 467 471 476 480 483 492 505 532 534 600
N 634
 8 38 40 93 116 129 143 166 170 178 191 209 238 241 260 268 288 295 313 323 337 342 351 372 380 383 408 409 453 483 492 506 507 543 581 603
N 635
 27 33 36 41 49 54 62 67 76 114 122 135 173 205 216 223 251 273 281 292 297 319 347 372 381 393 404 406 410 447 460 500 511 545 559 584
N 636
 13 14 20 28 33 52 138 191 192 201 212 249 252 258 293 321 322 366 378 380 420 438 468 477 488 504 508 516 530 537 549 550 554 558 590 605
N 637
 13 40 44 45 69 89 92 155 170 180 185 200 203 214 223 229 234 280 284 315 323 336 375 398 401 478 492 504 505 515 521 524 573 603 610 613
N 638
 1 6 17 19 24 30 43 83 144 149 151 167 190 194 198 233 241 272 275 324 329 460 475 478 481 500 528 531 551 556 559 560 561 580 581 588
N 639
 5 15 36 53 102 152 170 175 213 224 249 260 272 274 287 312 337 358 367 368 426 439 486 514 518 543 546 550 553 555 560 563 565 571 591 603
N 640
 15 22 24 50 66 67 87 99 101 110 121 137 170 187 220 230 255 267 286 305 312 405 423 440 452 459 480 483 492 494 519 524 531 577 586 593
N 641
 27 33 50 114 130 132 136 141 142 153 168 174 182 192 197 198 199 220 276 304 313 329 357 358 368 398 401 411 472 484 495 504 528 538 600 606
N 642
 43 47 48 61 141 142 143 174 180 185 249 251 253 275 277 283 296 318 341 382 390 391 425 430 433 442 452 459 473 478 486 518 538 539 569 594
N 643
 0 11 12 17 73 131 153 176 221 225 227 231 246 252 263 272 277 300 303 338 349 350 353 360 377 380 407 429 457 483 512 519 529 579 587 610
N 644
 65 78 93 111 139 141 158 164 194 207 216 223 247 254 263 264 274 276 279 282 285 306 314 324 349 389 392 403 425 434 439 459 468 526 536 572
N 645
 26 27 43 45 52 79 92 118 131 142 145 159 167 169 240 258 277 278 285 295 330 396 400 409 415 420 424 430 438 448 489 526 534 549 587 606
N 646
 9 40 55 69 81 86 91 94 101 136 172 177 188 190 217 233 234 237 260 266 276 281 288 321 329 337 377 378 460 467 494 510 514 525 585 611
N 647
 7 17 38 65 72 81 83 109 115 182 209 212 259 275 277 302 317 318 328 340 345 346 350 353 358 370 394 455 470 479 501 553 557 582 584 595
N 648
 51 52 75 93 96 105 115 133 135 140 170 172 181 187 189 207 223 227 259 270 285 305 339 349 357 429 443 446 453 471 507 548 566 588 610 611
N 649
 2 5 30 50 56 69 98 120 170 177 196 202 204 211 255 269 328 333 368 372 379 383 394 407 414 456 457 462 479 497 499 520 555 570 598 603
N 650
 4 6 11 20 32 40 54 105 121 133 163 169 180 192 202 240 246 254 255 263 268 291 325 330 349 363 386 418 425 428 450 514 585 590 593 608
N 651
 7 8 46 61 62 77 78 82 142 163 169 186 195 222 288 294 301 331 336 371 464 481 495 518 519 533 537 538 540 541 544 548 552 568 574 589
N 652
 35 38 69 113 117 132 137 143 176 198 220 240 275 285 291 295 299 320 328 341 354 373 391 424 455 465 483 500 513 515 537 541 560 561 572 581
N 653
 12 22 30 35 39 47 86 92 95 112 116 195 208 222 254 260 296 299 310 313 320 327 345 361 367 385 404 431 445 456 471 481 483 485 577 590
N 654
 3 4 6 25 30 114 162 205 213 214 219 225 232 245 270 309 313 320 332 342 353 362 369 395 399 438 450 453 461 466 509 521 527 541 584 609
N 655
 65 68 75 85 88 89 91 109 115 177 199 203 208 232 243 250 294 331 336 339 359 365 375 380 390 400 414 424 453 467 472 483 550 597 599 611
N 656
 20 23 66 205 206 217 224 226 230 243 248 265 284 298 323 325 326 328 351 370 373 387 398 426 429 446 452 458 461 466 472 509 537 544 589 603
N 657
 3 5 14 43 64 68 81 92 102 204 209 214 272 278 295 321 324 326 331 337 344 346 348 409 420 438 462 503 509 515 528 569 584 591 592 604
N 658
 11 16 29 42 52 74 78 85 112 142 153 167 191 225 235 240 280 283 296 310 316 322 339 341 344 379 428 452 457 475 506 515 523 549 568 585
N 659
 5 13 61 108 121 167 184 195 222 250 261 271 277 307 309 316 331 340 345 347 364 367 371 398 408 412 413 444 447 449 457 507 540 561 569 608
N 660
 67 89 101 112 157 161 166 168 179 193 198 212 232 237 294 317 324 346 351 381 398 417 422 424 438 443 448 458 467 474 525 551 573 575 582 612
N 661
 1 8 13 42 55 69 75 82 87 102 131 136 146 172 181 204 213 230 234 236 237 277 285 326 360 363 372 376 394 406 425 429 430 465 516 559
N 662
 25 113 152 170 186 192 194 200 206 235 239 245 261 270 274 280 302 312 313 323 349 386 399 422 431 434 456 497 525 526 534 540 541 543 593 602
N 663
 2 9 26 53 90 103 117 122 181 192 204 227 228 246 251 292 316 395 397 411 413 422 426 463 496 498 506 514 534 546 552 571 578 588 591 603
N 664
 38 49 52 59 66 100 123 188 196 215 220 266 267 289 308 309 336 339 342 375 405 411 426 430 447 461 480 496 531 534 573 576 577 579 588 590
N 665
 0 4 44 54 56 57 114 115 133 149 187 194 216 238 295 316 328 358 360 362 375 392 413 437 447 473 487 510 531 541 554 560 582 600 603 613
N 666
 22 52 54 82 85 146 157 167 172 179 180 191 213 227 231 246 249 265 297 301 321 327 344 369 375 388 399 464 478 496 500 530 541 544 576 612
N 667
 26 31 44 46 49 69 75 76 78 85 95 125 165 192 217 248 262 271 320 321 349 354 363 369 383 404 418 465 486 490 517 546 555 556 591 604
N 668
 48 50 63 73 117 119 148 167 183 186 199 203 213 233 243 276 349 351 384 388 394 401 416 427 437 453 459 522 525 562 574 579 588 590 595 604
N 669
 29 37 47 78 95 125 152 162 194 202 211 230 258 283 310 319 321 390 400 413 437 440 453 454 467 505 506 517 527 545 548 566 580 583 592 612
N 670
 4 33 58 90 108 121 155 161 178 198 220 261 272 334 341 353 354 360 361 382 393 412 413 429 440 444 452 453 477 504 517 580 592 595 599 606
N 671
 11 34 67 79 125 126 144 163 164 165 202 210 212 213 219 331 347 351 384 386 405 417 465 467 477 493 497 518 530 531 540 547 551 567 591 596
N 672
 12 24 26 27 32 46 94 129 196 238 239 241 254 262 266 317 326 334 348 359 363 372 403 427 446 453 458 466 467 510 558 571 572 582 602 610
N 673
 46 62 73 114 133 168 176 178 189 190 202 204 213 220 228 229 241 261 277 287 293 296 361 389 416 418 422 423 442 463 541 564 573 585 586 594
N 674
 19 42 51 52 66 86 105 115 124 197 201 239 245 248 265 287 294 305 327 362 365 390 396 462 464 468 481 517 528 533 534 542 547 568 575 596
N 675
 32 49 64 80 81 100 125 132 148 165 167 173 184 192 196 198 234 242 270 288 296 300 308 339 344 352 372 376 387 400 421 503 565 569 574 595
N 676
 24 47 58 77 134 138 142 190 194 195 250 260 263 268 328 347 349 356 359 402 415 416 417 436 456 482 483 493 503 512 524 532 550 553 562 577
N 677
 14 16 18 89 108 119 134 151 171 189 191 208 209 220 258 265 289 294 295 306 311 316 322 338 381 386 388 419 421 440 445 489 507 561 572 584
N 678
 17 72 77 84 119 127 128 140 143 152 156 165 169 197 212 223 257 289 290 294 325 328 365 369 404 412 462 482 491 542 554 558 572 577 592 600
N 679
 2 33 38 61 68 95 99 104 120 124 164 204 247 261 269 283 290 313 327 396 411 433 436 446 464 487 513 514 518 524 545 551 556 591 602 604
N 680
 17 39 46 85 90 97 102 112 125 129 157 162 190 199 200 205 215 242 270 287 289 314 315 316 337 342 355 357 459 470 535 542 548 562 576 595
N 681
 25 32 33 89 90 109 117 126 135 252 272 278 284 318 327 333 341 365 375 413 415 428 440 457 463 470 472 505 510 533 536 537 572 581 587 591
N 682
 23 52 60 62 82 97 117 228 232 246 251 268 287 292 296 299 329 335 380 404 405 413 418 454 460 470 471 490 500 502 509 520 548 554 578 599
N 683
 3 11 15 18 30 63 93 109 116 165 169 170 178 250 256 266 277 283 285 293 297 300 340 353 358 404 407 422 425 449 450 470 515 519 530 584
N 684
 2 20 26 50 72 75 98 122 150 185 196 197 201 250 266 268 296 312 343 384 390 393 420 426 435 455 465 489 492 498 513 526 535 549 559 579
N 685
 43 64 81 87 103 109 136 154 173 174 179 211 260 288 298 310 311 329 343 357 366 392 414 426 431 459 520 521 526 538 543 545 580 590 593 594
N 686
 2 4 7 55 68 69 73 75 91 123 141 147 169 248 253 259 279 285 288 294 304 332 356 375 397 405 421 430 454 473 498 507 519 565 589 600
N 687
 5 41 45 51 53 70 73 105 139 143 185 216 231 243 252 273 279 315 343 351 354 376 379 389 434 436 467 480 482 516 534 544 546 566 574 593
N 688
 19 30 38 96 114 115 156 169 185 188 196 231 234 258 260 264 278 294 340 354 370 371 374 404 405 435 438 472 485 490 491 522 559 588 611 613
N 689
 39 66 71 82 88 104 105 107 149 165 181 237 281 282 293 318 327 333 386 387 422 447 448 459 481 488 489 495 528 539 542 545 567 582 589 601
N 690
 17 22 69 102 105 107 135 158 178 185 198 210 221 233 239 259 280 284 294 327 330 335 374 400 402 404 427 444 452 458 496 513 523 537 548 588
N 691
 3 6 9 18 22 23 26 41 58 67 72 82 85 109 114 116 123 155 174 177 196 210 244 260 283 329 378 386 468 480 505 506 560 589 601 605
N 692
 14 16 29 48 55 100 119 155 171 197 247 251 267 269 275 296 301 342 351 395 406 411 414 467 474 494 500 509 520 534 545 570 583 585 591 604
N 693
 6 10 55 61 71 101 106 116 117 138 139 151 154 177 189 204 222 272 314 323 326 369 377 421 436 438 450 451 465 471 472 493 514 521 526 607
N 694
 15 36 62 63 73 82 101 102 111 123 152 166 168 169 200 206 228 234 297 302 303 320 350 355 384 431 433 439 499 503 521 529 557 594 597 607
N 695
 32 64 69 104 126 134 149 175 181 187 193 200 234 248 265 290 317 320 339 343 389 390 393 399 416 418 440 449 454 466 499 549 556 580 599 602
N 696
 13 46 51 56 75 83 115 129 146 147 154 178 179 184 194 200 227 280 311 324 364 412 416 419 430 434 462 477 478 489 494 506 562 569 601 612
N 697
 2 12 13 18 30 42 58 97 100 190 191 203 229 242 250 251 264 280 281 286 298 382 421 423 435 443 461 469 498 511 535 553 570 574 585 601
N 698
 9 15 20 51 68 129 138 143 162 194 213 217 248 261 278 290 306 311 332 338 353 362 367 383 385 399 420 464 466 478 544 553 578 592 599 611
N 699
 3 28 34 72 97 114 115 116 125 126 131 149 166 187 243 273 280 300 314 338 356 377 388 389 443 451 460 492 500 502 520 535 566 570 583 612
N 700
 10 19 24 58 67 68 89 91 99 116 142 170 182 198 222 236 239 244 252 274 278 296 310 329 330 354 363 411 448 475 479 490 549 567 588 602
N 701
 8 23 30 32 46 53 55 69 75 76 97 128 157 161 191 235 264 268 275 303 317 339 343 354 371 401 404 428 441 448 476 500 511 568 586 600
N 702
 37 40 111 144 156 159 163 164 172 201 204 209 220 221 224 241 320 334 341 376 387 408 433 438 479 481 485 501 523 525 535 546 562 573 589 609
N 703
 5 7 41 49 63 66 74 80 137 147 163 184 216 228 233 244 249 280 284 297 310 335 357 361 368 415 434 491 495 517 519 521 538 556 569 582
N 704
 32 39 44 65 73 74 76 77 100 104 112 128 151 160 177 189 244 273 287 290 320 360 361 392 427 428 439 444 484 487 521 532 558 560 587 597
N 705
 0 14 29 57 66 121 142 151 156 157 172 197 219 277 280 300 311 338 345 347 349 437 446 452 453 459 478 487 518 532 534 551 556 559 587 595
N 706
 1 23 24 62 96 114 118 125 134 257 282 286 321 331 334 385 386 387 422 428 441 447 476 511 515 518 520 548 552 555 558 559 566 569 605 606
N 707
 19 21 62 70 74 76 84 127 151 174 184 185 207 209 276 282 315 326 331 335 359 367 374 388 455 499 512 524 530 539 552 563 569 599 605 612
N 708
 13 30 37 44 49 81 92 97 103 124 149 154 171 195 200 205 232 235 273 342 370 395 402 439 440 442 455 491 501 508 528 530 533 544 593 611
N 709
 1 8 18 20 29 38 48 56 57 62 109 120 154 165 176 193 230 263 267 290 318 332 356 374 383 390 418 424 434 499 552 570 596 598 599 610
N 710
 69 79 80 84 86 102 116 128 145 168 188 197 244 255 264 271 273 298 300 308 332 389 401 410 412 420 447 500 509 532 538 546 556 565 573 582
N 711
 32 36 62 90 102 115 136 139 140 152 161 190 192 196 208 250 260 268 273 286 300 316 321 369 458 471 510 519 531 533 537 539 540 551 583 596
N 712
 2 8 30 68 73 75 80 83 93 103 120 143 156 180 184 201 203 212 264 285 287 321 326 338 350 360 386 387 481 500 502 515 550 559 579 581
N 713
 9 16 20 25 26 27 42 48 64 67 68 87 92 95 101 108 130 159 215 266 274 287 298 305 343 348 360 364 378 479 554 557 564 588 592 594
N 714
 22 69 85 90 104 113 133 149 150 179 211 236 245 257 268 280 291 299 309 323 338 351 353 366 387 410 427 435 440 442 483 505 521 534 563 571
N 715
 8 62 66 82 91 93 131 139 154 188 197 198 246 247 248 252 267 276 280 308 322 340 345 346 358 362 366 372 389 407 411 438 443 449 529 605
N 716
 9 19 31 67 74 89 106 107 143 242 271 276 285 307 359 385 412 425 426 433 477 486 493 497 503 505 532 533 540 551 562 567 572 576 584 586
N 717
 1 18 35 49 53 58 91 95 100 125 182 212 215 253 271 293 303 312 338 355 358 361 379 399 405 416 468 469 472 477 493 495 507 545 573 590
N 718
 3 7 20 21 42 43 90 116 117 160 162 165 189 201 251 268 275 277 281 310 315 381 385 388 395 427 430 459 467 474 483 508 588 589 600 604
N 719
 1 29 30 47 49 57 84 91 110 126 146 159 193 206 258 275 314 355 403 409 410 414 418 431 434 468 469 476 511 512 521 540 549 570 585 596
N 720
 9 10 14 35 43 55 92 106 203 214 225 276 290 301 305 313 315 326 329 370 376 417 432 444 457 498 516 525 527 530 552 554 558 568 578 594
N 721
 21 34 42 46 71 94 104 105 113 127 144 152 153 168 184 224 291 297 299 301 306 308 311 318 319 435 463 497 506 517 526 539 550 572 602 607
N 722
 3 11 40 63 71 76 84 94 120 126 132 135 161 162 184 185 198 235 244 259 316 327 343 356 362 399 418 430 439 441 456 515 527 534 562 595
N 723
 1 14 60 79 84 107 108 117 120 130 164 166 189 190 211 214 257 265 272 278 332 339 362 400 411 415 427 447 448 471 482 484 487 511 591 608
N 724
 78 84 103 106 107 112 115 131 145 182 192 203 218 221 222 233 238 260 296 327 357 384 388 417 434 436 447 451 457 493 523 525 535 539 597 613
N 725
 52 110 119 124 143 146 148 157 158 185 187 188 194 225 255 266 283 343 346 380 391 410 416 424 453 457 489 498 505 506 521 535 538 576 599 611
N 726
 0 3 5 42 45 50 51 65 70 76 98 102 140 145 160 175 288 293 319 326 356 368 369 383 398 407 418 508 513 515 516 533 578 581 595 610
N 727
 2 13 14 27 31 33 40 52 59 86 89 105 146 193 209 237 240 279 289 350 359 400 405 411 415 434 449 453 457 459 487 554 558 581 584 611
N 728
 1 8 11 43 59 87 93 109 138 158 166 167 174 183 186 200 261 270 284 285 299 350 362 363 370 374 385 487 488 521 526 536 547 561 599 607
N 729
 20 22 41 73 88 92 103 106 137 152 153 164 193 203 218 246 288 311 314 317 352 412 418 427 433 465 484 487 492 503 510 524 532 538 558 561
N 730
 0 1 21 42 57 72 166 169 177 227 243 269 292 294 299 307 340 367 388 389 418 450 458 462 469 470 494 504 511 515 528 535 547 562 609 610
N 731
 10 18 21 46 51 55 72 88 113 140 180 230 231 257 269 277 299 316 322 330 344 361 373 377 396 399 405 418 432 446 514 522 601 607 612 613
N 732
 10 28 29 36 57 58 66 99 111 133 139 162 186 194 199 215 219 234 235 237 249 282 327 333 334 343 369 438 446 476 495 497 503 538 558 561
N 733
 5 7 21 58 68 93 159 166 171 181 254 264 266 282 292 308 310 325 346 351 353 394 405 419 422 449 480 487 503 509 519 574 582 598 608 610
N 734
 3 16 25 79 83 131 182 191 200 207 210 217 221 235 244 257 259 279 285 303 305 307 318 333 351 413 427 472 508 522 541 551 574 600 607 612
N 735
 10 21 25 42 47 92 102 127 171 176 197 204 207 209 226 245 256 284 292 322 344 385 399 408 412 419 437 504 513 537 546 550 551 569 588 611
N 736
 6 10 17 62 83 95 99 118 123 140 167 172 226 227 243 282 286 311 333 371 385 424 428 429 438 441 445 453 488 507 523 527 561 567 583 606
N 737
 36 41 63 88 94 98 128 152 153 160 174 183 193 239 247 274 300 304 306 359 406 420 427 444 445 452 453 456 464 480 524 531 559 593 595 603
N 738
 9 34 70 106 129 131 157 162 190 191 201 206 216 218 235 239 283 303 307 318 353 395 406 407 414 434 459 466 475 477 486 491 544 566 603 606
N 739
 17 19 91 96 104 126 154 157 165 202 211 232 233 256 267 289 290 310 328 330 347 383 393 400 422 426 431 442 475 478 517 540 548 552 592 597
N 740
 2 19 40 47 55 71 91 116 124 163 164 169 180 217 253 258 264 304 330 352 367 373 384 392 400 403 405 448 477 484 497 522 540 565 572 613
N 741
 7 36 39 40 52 74 80 105 184 227 245 266 271 279 287 291 300 326 328 341 343 345 369 382 383 402 435 446 468 480 523 524 551 557 562 568
N 742
 50 53 59 63 77 80 101 122 133 134 160 177 188 202 203 225 243 252 275 293 312 337 344 371 382 402 425 443 463 500 534 554 562 563 598 609
N 743
 12 16 18 25 27 76 77 108 110 111 114 117 140 146 158 174 179 220 230 263 280 292 307 335 343 365 377 394 442 480 516 528 541 563 573 593
N 744
 28 69 101 122 130 133 137 158 160 161 193 224 231 246 258 268 287 334 364 373 390 417 420 421 437 469 479 482 502 505 507 514 539 564 576 611
N 745
 47 81 96 102 103 110 116 144 164 186 215 242 267 278 286 290 300 301 327 328 329 333 348 350 358 413 417 421 464 510 511 523 528 549 561 587
N 746
 39 42 46 52 65 123 149 150 166 170 218 221 247 259 279 314 316 334 343 358 377 381 401 419 484 486 487 491 495 528 529 541 585 586 587 591
N 747
 17 54 65 80 84 85 89 96 134 139 175 180 197 317 323 340 362 402 417 421 433 434 469 471 477 492 522 531 546 577 579 589 598 607 610 611
N 748
 0 5 7 54 79 88 100 136 142 151 184 186 209 223 238 240 253 257 273 274 302 336 337 339 347 348 379 397 433 469 484 548 560 567 601 608
N 749
 1 2 76 78 81 94 110 118 126 137 146 149 154 167 175 189 191 221 223 258 290 308 312 325 326 329 344 354 366 378 379 394 400 422 472 575
N 750
 15 22 50 61 67 71 77 81 84 107 131 139 159 191 214 221 222 225 250 258 262 302 307 317 351 402 434 436 455 463 520 529 545 576 582 602
N 751
 56 92 129 130 156 157 159 161 176 182 212 214 235 239 248 251 291 300 308 321 334 350 352 366 384 415 420 429 443 484 486 516 540 561 563 567
N 752
 34 48 54 64 76 123 142 144 164 178 182 189 202 208 241 247 254 259 295 308 313 325 364 388 391 406 408 414 444 450 452 462 484 544 560 598
N 753
 14 18 78 108 131 156 195 202 215 217 236 239 259 286 312 313 363 384 385 406 412 413 423 431 452 474 486 489 512 515 527 542 547 571 603 605
N 754
 11 37 40 59 88 95 110 135 143 148 157 175 185 219 229 242 249 254 255 322 345 356 385 408 421 433 455 457 461 465 473 496 547 568 585 611
N 755
 57 66 71 74 81 85 91 95 107 123 132 190 204 209 219 220 252 294 303 308 325 356 379 390 416 426 430 435 469 485 493 496 506 513 539 577
N 756
 6 7 30 89 93 106 130 147 151 170 206 209 211 216 237 279 301 318 329 331 359 374 378 400 424 428 474 492 497 526 540 542 549 555 567 580
N 757
 26 90 100 101 116 140 150 157 167 176 216 218 228 235 242 243 263 311 314 315 388 405 451 458 479 491 503 510 529 535 552 567 571 579 586 601
N 758
 9 54 109 119 125 167 171 179 193 215 226 275 277 291 293 312 331 346 360 385 391 483 503 507 508 511 514 516 522 548 549 562 565 586 597 608
N 759
 40 54 70 117 140 143 146 171 188 210 222 226 239 249 281 296 332 347 357 368 374 375 378 394 395 396 399 407 413 420 439 468 481 542 587 612
N 760
 6 16 28 60 72 102 111 173 230 241 263 302 322 333 354 357 393 403 406 408 412 415 432 442 448 454 477 483 484 499 517 552 555 572 593 613
N 761
 6 36 43 44 45 51 62 81 93 95 99 103 160 161 257 265 278 303 307 331 335 395 401 414 424 438 441 445 454 461 486 494 587 594 595 598
N 762
 1 28 31 64 114 128 136 145 169 186 238 246 255 271 283 295 325 332 340 344 346 421 451 467 479 490 495 514 515 533 543 553 566 571 577 596
N 763
 8 13 25 29 101 120 130 137 151 175 193 212 215 216 227 265 270 284 288 301 304 309 337 348 352 362 370 391 424 447 459 473 506 508 542 609
N 764
 19 23 31 55 56 77 79 118 134 139 141 144 222 291 314 318 322 350 355 367 371 374 394 404 409 410 414 425 443 461 464 542 551 553 592 609
N 765
 37 51 60 72 77 85 92 98 100 127 150 151 242 271 289 340 350 352 377 383 413 433 450 458 464 466 473 482 496 501 511 536 567 594 605 608
N 766
 27 28 34 64 71 139 177 178 181 184 196 214 243 255 283 288 314 323 336 352 356 358 376 439 441 448 456 460 477 509 515 519 524 548 575 589
N 767
 1 26 43 65 106 108 119 128 144 151 180 190 203 211 230 280 295 299 308 319 337 357 365 435 457 474 489 498 510 512 533 539 546 550 580 610
N 768
 37 84 115 125 133 142 158 187 197 219 221 226 251 255 263 298 302 307 334 335 341 380 383 395 405 442 449 458 482 512 518 532 539 547 549 597
N 769
 2 21 57 65 94 95 121 138 145 199 210 215 217 245 260 306 343 358 367 382 392 411 432 440 454 457 463 475 479 482 488 508 509 529 531 578
N 770
 0 19 38 45 47 64 77 124 129 130 146 152 175 195 201 203 210 229 232 244 282 289 345 364 381 398 404 444 484 512 539 564 565 582 601 608
N 771
 21 24 25 35 47 86 94 119 137 147 164 188 202 204 266 275 309 324 328 357 363 373 423 427 432 434 438 441 449 458 485 486 490 541 568 609
N 772
 18 24 25 45 63 70 119 147 155 167 207 252 257 269 301 304 340 363 372 376 381 397 399 431 433 436 437 439 448 466 477 494 515 520 589 608
N 773
 9 10 35 55 57 60 67 81 191 205 209 232 240 271 278 288 306 313 340 348 365 377 384 402 425 448 450 454 478 519 521 537 541 565 568 581
N 774
 3 22 34 60 83 125 133 138 153 163 210 224 227 229 231 233 284 299 304 311 447 463 477 485 498 499 507 517 528 530 557 569 578 588 599 600
N 775
 29 97 99 106 138 150 187 201 208 225 236 242 265 271 274 289 347 348 389 392 394 402 458 475 479 488 511 523 525 532 551 578 593 596 600 605
N 776
 23 26 36 43 60 71 95 110 129 136 145 148 155 182 215 228 242 245 256 261 309 332 356 364 368 381 394 444 483 510 564 574 583 596 600 603
N 777
 7 26 53 57 61 64 66 107 110 117 119 155 210 214 236 267 299 314 332 341 366 386 428 433 446 467 472 474 502 511 513 530 561 573 579 583
N 778
 15 27 37 45 55 83 98 103 111 127 195 215 239 241 253 264 295 296 309 332 341 395 397 405 415 420 447 465 496 497 518 519 532 580 597 608
N 779
 43 51 64 71 78 111 125 143 147 164 166 188 224 238 248 262 295 336 345 352 368 387 390 403 428 485 486 494 502 526 527 532 547 548 554 565
N 780
 0 11 16 44 59 72 82 96 106 112 120 129 139 181 190 206 207 213 220 285 311 365 372 382 423 431 438 445 451 462 520 533 537 583 605 609
N 781
 76 98 102 108 128 159 161 165 176 185 220 225 236 265 269 286 316 321 325 326 367 368 396 416 417 447 448 452 468 481 522 535 543 545 550 601
N 782
 26 29 38 69 85 90 122 125 205 217 219 228 235 259 262 263 268 292 321 330 374 379 404 411 426 438 455 503 511 518 525 547 552 570 585 601
N 783
 25 35 49 51 53 54 55 61 73 98 100 121 142 153 188 263 283 372 374 378 382 387 388 391 398 409 415 476 501 530 543 545 552 563 577 601
N 784
 29 47 54 71 82 121 128 132 139 140 147 165 171 177 182 196 228 229 249 282 290 355 360 366 373 378 382 430 470 513 514 525 552 564 568 590
N 785
 3 6 17 18 22 24 33 40 67 68 73 85 127 143 162 169 186 222 262 343 360 387 392 407 454 457 472 477 494 518 519 520 554 557 592 595
N 786
 17 48 78 112 114 130 164 173 174 231 236 255 312 319 324 331 360 361 375 388 396 403 429 432 490 501 526 529 543 554 562 564 568 581 604 609
N 787
 5 46 47 85 136 140 141 142 143 159 176 194 207 216 262 268 329 334 340 347 375 390 391 400 435 441 456 498 499 503 536 545 554 571 581 594
N 788
 0 42 62 89 97 117 141 153 172 186 188 226 247 278 284 301 305 358 364 374 376 450 453 465 481 485 488 505 508 538 541 547 556 559 597 612
N 789
 2 28 39 41 82 124 144 147 195 208 214 279 291 305 307 317 319 348 352 354 355 359 387 407 423 446 461 463 509 523 524 536 539 552 574 585
N 790
 34 45 80 87 109 111 117 118 122 168 179 180 214 215 230 254 257 260 262 268 287 339 351 364 396 397 415 428 430 440 470 504 559 586 594 598
N 791
 32 85 93 121 133 140 150 155 163 177 182 208 233 244 257 276 283 314 315 327 371 381 418 428 432 434 445 447 479 506 520 547 558 559 570 609
N 792
 25 39 41 43 60 83 86 93 96 145 156 185 186 196 205 232 264 265 287 297 301 302 303 304 364 377 421 437 466 482 510 534 542 575 589 590
N 793
 9 12 18 51 56 59 63 72 73 81 82 83 124 192 214 227 232 256 305 322 324 326 342 354 360 366 373 397 416 422 450 467 489 497 511 545
N 794
 5 23 27 84 108 119 141 187 198 207 217 229 238 240 257 369 384 401 410 423 429 443 460 471 475 480 492 493 502 522 529 537 557 572 589 591
N 795
 4 22 41 59 113 116 124 150 169 238 247 254 264 272 283 330 343 344 376 382 411 419 464 465 470 474 488 504 507 508 510 530 544 553 564 598
N 796
 50 58 82 89 100 101 111 127 153 158 171 175 189 194 232 244 249 265 266 294 380 420 422 446 453 468 486 489 490 497 526 556 573 600 602 612
N 797
 1 31 37 57 58 70 75 101 121 128 159 181 219 229 238 259 262 264 270 273 286 324 326 368 380 429 438 473 505 515 522 532 568 601 605 606
N 798
 37 42 61 80 96 100 103 121 139 141 142 160 176 184 208 241 255 299 306 316 327 345 350 368 401 428 456 466 476 485 505 508 515 565 605 609
N 799
 12 58 60 63 70 88 127 133 203 212 247 269 281 294 309 342 348 379 383 385 456 461 464 481 483 502 513 519 527 535 555 568 571 578 602 608
N 800
 4 15 33 35 48 66 75 130 132 138 179 183 252 276 288 310 338 345 352 365 381 390 392 402 417 441 462 495 501 503 509 510 535 555 558 595
N 801
 9 36 96 97 101 107 110 150 219 231 245 263 276 289 310 311 331 339 365 371 388 391 400 416 428 440 474 508 525 527 537 563 570 571 585 592
N 802
 59 63 68 86 87 100 107 124 155 218 281 301 311 342 359 364 407 409 446 450 452 455 461 483 492 536 545 546 556 557 563 576 582 601 604 610
N 803
 3 4 13 35 43 46 48 55 60 80 100 106 119 133 160 169 193 234 281 335 356 372 379 403 426 437 442 466 476 488 513 525 533 575 587 599
N 804
 1 17 24 38 40 68 84 86 94 106 120 136 169 187 203 237 240 243 253 256 259 268 302 319 332 359 367 439 444 471 500 541 562 573 574 604
N 805
 12 16 20 22 31 68 84 103 112 115 146 182 188 220 230 234 265 279 290 304 320 333 335 370 378 401 408 412 461 485 517 575 579 608 609 612
N 806
 2 4 21 45 54 60 94 104 115 154 172 173 212 222 255 305 312 321 322 324 330 331 354 397 417 432 434 435 446 458 468 507 518 555 584 604
N 807
 0 27 34 46 127 134 152 163 178 181 202 204 237 246 249 250 276 282 341 344 347 357 373 384 389 423 429 465 476 502 508 518 532 539 583 598
N 808
 8 21 22 93 113 121 126 136 140 142 176 179 192 206 226 231 236 282 287 307 341 355 369 370 378 386 392 394 415 459 466 496 539 542 562 613
N 809
 2 19 29 48 62 104 110 112 122 170 181 185 205 227 236 246 302 318 356 365 386 410 431 439 441 462 471 474 497 511 520 540 565 576 580 599
N 810
 20 22 34 47 75 97 120 147 156 165 174 197 229 233 242 283 297 300 304 314 337 346 363 372 399 411 413 416 454 468 473 508 509 515 567 609
N 811
 15 43 61 73 88 96 99 110 126 179 216 254 272 297 318 347 353 357 378 381 383 384 414 451 452 482 490 501 521 528 532 559 575 576 598 613
N 812
 18 51 53 54 72 84 94 101 105 155 177 187 193 213 216 225 253 254 258 315 317 346 397 403 423 440 443 444 468 470 472 490 524 555 572 612
N 813
 11 36 68 97 104 134 141 154 158 205 233 242 250 254 260 314 334 343 346 355 377 393 411 431 451 491 517 522 523 526 532 536 539 546 566 607
N 814
 15 44 52 57 70 72 74 91 120 130 132 145 164 199 206 223 256 270 273 292 311 375 379 389 411 506 507 515 531 547 549 577 581 599 606 608
N 815
 0 9 12 32 35 38 43 53 77 102 123 151 181 182 195 211 236 266 304 305 310 316 323 338 340 345 358 373 458 468 491 533 563 576 589 609
N 816
 22 29 35 39 51 53 77 118 174 214 216 232 246 267 298 327 328 330 349 355 374 379 380 383 395 408 429 442 451 454 468 505 537 571 587 606
N 817
 2 31 46 54 107 126 143 158 165 173 210 227 250 255 266 279 284 319 352 383 385 408 410 447 450 456 475 497 520 529 550 563 567 576 577 613
N 818
 12 34 76 83 87 112 122 154 160 178 185 188 199 206 230 253 273 295 300 305 317 329 369 408 409 440 441 454 455 456 472 479 488 503 536 557
N 819
 2 12 17 21 48 51 56 62 103 109 141 228 239 244 247 271 272 286 308 332 371 377 391 411 441 451 459 483 492 508 521 551 575 595 605 606
N 820
 1 9 11 74 91 122 125 128 148 149 174 186 201 205 218 224 253 281 286 323 340 377 406 409 427 430 449 470 475 496 517 555 572 576 598 604
N 821
 8 14 44 53 56 57 79 93 95 103 122 167 204 224 231 236 237 249 283 306 313 366 388 406 442 458 461 485 526 527 536 547 567 593 604 607
N 822
 12 94 98 135 138 139 153 154 157 161 163 195 228 249 282 298 304 313 349 367 382 414 431 444 460 503 533 537 544 548 559 560 571 579 596 601
N 823
 7 16 28 34 41 42 47 50 86 97 141 151 261 268 275 289 307 315 342 343 350 353 370 381 389 391 420 424 426 446 451 501 504 516 544 574
N 824
 2 27 30 35 42 45 75 87 99 107 168 190 208 222 227 258 272 273 292 297 314 315 336 337 352 391 414 425 442 451 456 488 528 538 583 606
N 825
 10 24 32 56 88 95 140 143 146 151 162 168 173 228 237 242 245 270 277 320 338 359 387 393 436 439 441 505 520 528 536 562 563 566 577 582
N 826
 7 12 21 39 47 48 67 94 98 118 136 161 175 191 229 230 256 257 261 286 333 359 376 402 406 407 421 442 445 498 512 550 568 578 585 594
N 827
 8 13 21 32 61 73 92 118 127 129 166 182 243 264 282 301 303 323 335 336 339 341 356 403 479 494 526 536 538 550 576 578 580 587 590 596
N 828
 33 65 102 128 171 174 194 201 210 216 218 233 246 301 309 313 314 324 335 336 364 371 379 410 418 440 504 506 529 531 544 558 586 588 606 610
N 829
 3 33 37 45 70 98 131 159 172 183 212 213 223 234 300 304 306 312 320 340 344 348 393 398 402 403 427 457 478 487 499 527 544 555 567 590
N 830
 9 43 50 56 68 70 88 92 97 129 148 168 175 181 198 205 207 258 271 305 311 330 334 339 412 474 492 497 501 529 577 584 600 602 611 613
N 831
 11 39 67 69 74 78 86 100 106 117 118 126 168 195 196 198 200 222 257 271 323 393 410 412 437 454 474 481 496 503 511 514 528 541 579 585
N 832
 37 40 59 60 78 124 130 144 153 162 167 175 187 194 201 207 230 231 261 318 325 355 365 384 391 432 470 475 478 517 523 554 565 572 574 600
N 833
 5 9 12 23 28 39 65 67 71 88 96 104 128 226 236 241 248 285 297 300 303 306 321 410 415 420 428 454 462 465 475 489 491 557 561 568
N 834
 67 68 95 97 126 127 131 141 173 177 180 217 218 233 264 290 315 317 342 360 366 422 438 445 463 468 473 488 494 496 511 513 561 566 594 603
N 835
 0 27 51 78 87 93 111 120 126 136 137 178 200 202 208 212 226 239 241 303 309 318 329 361 386 394 398 435 510 522 565 573 583 588 594 603
N 836
 5 10 35 46 59 72 76 90 92 97 100 108 112 116 120 145 154 160 169 189 201 232 246 273 363 401 406 451 482 508 521 524 559 564 604 611
N 837
 29 52 70 79 109 152 153 158 161 170 177 183 187 195 202 211 233 237 238 247 274 291 298 330 358 406 411 439 472 487 557 563 565 571 577 590
N 838
 52 53 80 113 134 138 144 145 177 184 214 229 231 237 247 280 297 298 301 307 314 327 344 346 389 399 408 433 460 488 493 500 530 586 591 610
N 839
 10 19 58 89 91 121 129 135 157 167 174 197 212 237 238 262 268 298 320 395 403 422 431 496 498 512 530 533 534 540 546 550 564 567 604 613
N 840
 7 37 44 45 56 78 80 105 117 123 134 165 175 206 234 261 269 277 279 280 291 293 332 364 464 469 485 490 503 522 533 542 570 582 584 607
N 841
 8 39 74 99 106 107 131 135 137 144 145 149 152 159 160 181 189 243 269 272 298 324 335 336 366 374 393 425 430 498 516 553 575 577 610 613
N 842
 49 53 81 90 98 116 146 155 158 167 206 209 215 224 227 236 254 279 280 281 288 302 338 355 358 364 400 416 419 524 527 537 583 597 598 599
N 843
 5 23 38 49 74 85 95 102 110 119 122 186 191 211 224 239 248 256 266 270 279 281 284 315 319 333 334 348 407 456 469 476 560 579 588 613
N 844
 4 11 37 41 61 101 116 128 149 163 178 189 202 223 229 235 249 270 293 300 309 329 355 356 359 364 442 464 473 479 491 516 542 563 583 612
N 845
 6 14 21 24 30 36 90 92 99 114 130 137 138 147 161 163 196 209 238 263 310 342 368 388 402 431 453 469 474 478 482 487 525 539 581 602
N 846
 1 14 29 34 50 90 107 129 131 178 198 209 240 250 289 341 358 367 368 369 387 396 400 433 450 470 474 504 507 574 575 592 595 596 597 613
N 847
 15 31 66 67 109 131 146 157 196 245 251 256 264 275 289 297 332 336 340 360 368 392 394 395 430 435 437 461 463 488 494 499 509 538 591 592
N 848
 29 65 115 120 121 126 134 144 148 166 181 192 218 230 237 251 258 302 305 328 368 379 419 460 461 487 490 499 512 531 556 568 573 575 578 587
N 849
 18 35 48 63 65 98 148 173 178 204 243 250 252 259 274 304 319 372 377 406 417 421 449 499 504 508 514 518 526 550 554 564 593 597 600 607
N 850
 4 14 49 57 80 88 91 154 183 199 232 255 262 266 326 355 359 362 377 408 418 429 442 445 461 462 466 475 476 495 520 530 573 581 591 598
N 851
 7 18 30 64 96 101 127 138 155 161 163 217 219 229 230 235 262 265 278 282 312 337 354 361 370 385 414 510 518 538 553 555 566 569 582 590
N 852
 10 23 32 58 65 94 133 180 197 199 203 218 226 227 248 301 303 323 341 369 393 440 465 472 482 483 485 493 512 530 539 560 566 570 575 590
N 853
 19 24 31 36 56 71 88 111 134 138 147 171 203 221 231 240 256 333 347 349 377 397 407 449 487 502 510 520 539 546 551 564 579 584 597 602
N 854
 3 8 19 27 53 59 99 104 105 114 129 153 166 190 208 210 216 217 228 264 276 421 422 430 437 451 490 491 523 544 549 572 574 575 576 592
N 855
 44 77 150 160 162 170 171 176 177 183 199 200 203 246 257 280 293 303 325 349 366 376 431 435 455 471 475 489 498 524 542 554 574 590 592 610
N 856
 6 20 22 28 65 81 83 145 168 178 180 183 189 197 217 229 256 261 271 279 298 325 345 370 372 373 375 403 419 445 452 467 587 593 595 601
N 857
 12 25 44 45 67 91 118 127 136 137 173 183 190 194 224 243 248 251 255 272 292 307 315 336 344 355 370 377 384 400 419 437 444 446 489 575
N 858
 13 20 33 87 90 122 126 132 134 201 205 230 252 274 286 288 294 299 308 310 374 382 389 395 426 440 445 467 529 564 567 571 582 593 605 607
N 859
 28 55 57 58 77 104 110 112 127 143 148 219 220 221 248 264 316 317 330 332 339 357 361 380 409 410 419 422 423 432 495 534 545 582 583 596
N 860
 5 79 91 118 137 138 164 213 219 232 239 242 244 245 249 252 266 280 297 311 342 344 382 396 412 429 436 439 443 461 462 489 553 569 576 604
N 861
 9 37 113 118 127 147 159 160 162 173 179 215 220 231 234 250 261 337 347 352 362 366 368 398 406 409 425 445 502 519 550 552 566 570 602 606
N 862
 16 19 26 32 46 60 73 88 89 136 145 193 195 238 247 255 270 289 290 292 357 358 365 371 381 419 423 429 448 490 513 532 552 557 565 596
N 863
 4 20 34 48 71 91 130 132 148 184 207 235 253 279 285 300 320 325 345 351 373 409 410 415 426 430 436 472 476 478 480 488 555 599 607 609
N 864
 123 133 137 146 151 187 192 193 213 219 221 231 253 269 283 308 333 349 363 369 371 396 397 406 443 445 486 487 490 507 524 531 552 579 589 597
N 865
 1 14 36 74 79 89 97 118 144 166 177 178 187 213 273 275 292 304 310 316 317 335 340 348 356 372 390 393 405 430 449 490 536 540 544 580
N 866
 3 7 16 20 61 76 96 150 151 162 163 175 191 199 241 247 251 277 281 287 297 302 327 338 362 365 370 385 419 451 507 538 540 545 583 586
N 867
 44 53 58 106 110 115 150 163 165 194 200 203 210 218 244 250 263 266 267 272 292 295 310 315 350 351 379 409 430 449 467 489 523 571 573 594
N 868
 4 11 24 53 69 88 114 133 139 141 155 172 199 223 229 263 278 285 306 346 350 352 364 387 424 425 435 480 511 527 529 535 546 571 573 584
N 869
 5 17 33 63 72 93 101 112 140 147 150 175 186 221 223 226 237 238 242 254 278 329 366 381 382 432 433 436 463 469 476 501 513 578 580 591
N 870
 12 19 31 63 68 77 78 111 113 138 150 189 226 239 249 271 306 311 333 351 353 380 432 442 451 490 517 522 525 530 570 580 584 594 604 608
N 871
 14 23 59 79 80 89 120 158 196 210 226 235 254 258 273 305 313 320 337 396 412 428 436 455 469 490 493 502 504 506 542 549 551 560 564 604
N 872
 65 88 113 125 132 152 160 201 206 207 221 237 297 298 321 347 366 392 397 413 419 424 442 445 448 457 473 478 516 536 541 552 557 602 606 608
N 873
 11 40 51 62 79 86 87 149 162 169 183 234 249 254 259 270 317 383 387 395 398 401 409 437 464 471 480 502 527 534 551 563 566 591 603 604
N 874
 33 58 63 79 86 89 122 124 135 153 156 180 192 199 251 253 267 270 291 304 325 398 469 470 496 523 531 549 555 566 568 573 592 599 600 609
N 875
 10 19 98 105 112 121 158 161 162 164 166 171 191 208 221 231 253 265 270 342 399 401 406 409 413 425 447 450 460 464 472 526 558 583 584 586
N 876
 12 13 15 31 40 57 114 117 132 135 148 176 222 228 242 282 291 296 307 310 332 333 349 356 376 392 421 438 452 497 552 556 560 569 581 585
N 877
 56 74 103 110 122 124 153 156 172 196 197 212 219 245 248 252 334 338 347 354 363 373 426 432 437 453 460 465 470 491 496 512 528 536 547 569
N 878
 21 25 49 59 70 99 151 178 195 196 202 217 225 232 258 277 319 337 356 376 383 394 396 420 428 439 467 472 495 506 508 516 544 581 602 607
N 879
 7 76 96 97 105 138 183 190 212 216 232 284 286 298 299 303 336 349 362 370 371 384 414 423 431 444 499 501 514 553 560 561 564 574 605 608
N 880
 0 39 44 67 93 97 131 147 155 206 224 247 252 259 262 302 303 336 338 366 371 396 413 416 441 456 484 492 493 540 550 558 562 577 582 585
N 881
 8 35 64 66 71 96 116 119 126 131 142 159 165 170 204 211 218 225 228 267 268 278 282 293 303 348 379 380 397 458 473 475 505 522 563 601
N 882
 7 15 23 41 99 102 124 130 141 147 150 251 267 270 271 291 293 298 307 323 330 339 347 360 375 376 380 398 410 417 458 477 563 596 602 603
N 883
 9 15 26 55 72 169 175 219 224 275 295 309 315 334 352 353 385 386 389 392 447 462 478 479 484 491 509 514 524 536 547 558 589 594 609 612
N 884
 15 31 35 62 75 107 108 117 136 156 171 196 205 213 224 242 256 284 312 335 336 337 375 380 417 433 495 496 512 518 525 545 570 576 577 597
N 885
 13 83 88 104 129 149 173 192 225 228 238 241 244 252 281 293 307 337 353 426 435 436 481 485 488 494 517 523 527 535 546 561 575 578 585 594
N 886
 4 31 76 81 90 92 110 135 137 145 152 173 181 197 218 233 238 245 292 313 322 344 364 368 378 436 441 460 491 495 506 519 520 523 535 560
N 887
 28 41 64 86 108 109 111 165 188 200 247 256 262 274 286 318 328 333 350 351 355 361 391 396 405 458 465 489 498 507 517 541 542 543 549 587
N 888
 13 74 118 154 155 171 195 217 222 269 302 323 334 338 360 367 381 389 396 402 404 416 417 422 425 450 470 505 514 534 543 553 556 579 599 610
N 889
 10 37 39 70 79 82 101 113 141 153 157 186 190 201 216 244 253 260 300 320 383 392 396 405 408 409 425 458 481 492 505 514 546 551 606 610
N 890
 39 61 63 92 118 132 161 167 210 226 240 252 255 259 261 265 276 290 292 298 390 394 402 423 446 448 473 481 486 493 501 527 555 559 560 613
N 891
 23 28 60 61 73 84 117 147 161 166 179 191 200 204 223 276 322 338 367 373 379 392 408 409 426 439 470 473 480 481 491 516 556 596 612 613
N 892
 17 41 56 60 74 108 111 113 124 125 139 157 222 223 231 251 302 312 348 359 389 407 427 450 453 502 509 516 548 560 564 584 587 589 591 608
N 893
 23 30 45 49 51 69 72 93 135 179 184 188 230 233 243 245 259 269 279 293 296 306 318 362 378 384 448 459 463 471 494 498 500 509 533 548
N 894
 82 108 146 152 185 198 203 206 207 222 223 235 241 263 285 288 289 312 313 332 348 363 373 380 381 395 402 413 477 523 531 532 553 574 585 611
N 895
 0 16 17 23 41 74 102 103 123 133 166 172 173 176 180 198 211 215 308 330 335 337 367 369 372 434 462 535 543 553 557 567 568 572 576 609
N 896
 4 74 90 121 128 129 135 165 173 202 205 208 257 263 278 289 291 306 323 342 350 401 427 437 464 474 476 479 495 525 557 564 565 582 586 607
N 897
 3 20 25 26 33 38 39 45 52 72 96 103 138 148 154 185 188 225 256 284 297 331 333 343 354 361 374 376 405 478 498 514 529 545 572 588
N 898
 16 21 27 48 66 75 80 82 87 105 108 123 163 170 198 211 213 285 294 309 346 353 361 404 423 424 441 455 466 470 473 474 530 531 553 556
N 899
 50 77 84 87 94 105 123 132 135 142 144 162 181 212 240 243 294 299 308 312 324 345 353 357 360 371 376 407 416 424 465 475 477 499 569 602
N 900
 31 34 44 64 70 77 78 104 183 245 250 263 274 296 314 358 362 363 392 393 398 403 440 460 464 466 493 512 518 519 545 555 563 570 579 596
N 901
 10 23 37 59 104 105 114 122 143 179 194 207 211 221 240 249 290 313 324 328 331 353 367 373 388 443 471 485 489 501 533 543 546 561 578 600
N 902
 4 11 21 37 54 64 91 109 163 176 191 195 208 239 240 277 295 309 389 397 399 419 444 450 459 460 463 486 499 500 506 510 513 554 557 607
N 903
 52 90 115 120 159 172 183 190 192 208 215 240 246 253 270 286 319 331 334 346 368 393 403 437 454 463 476 493 517 523 527 547 548 570 577 613
N 904
 44 45 49 65 83 100 134 141 155 160 176 182 199 207 213 214 236 253 256 268 284 288 293 305 309 322 365 415 442 448 452 482 519 549 581 593
N 905
 15 29 47 54 59 80 87 96 98 108 136 158 162 208 226 241 283 293 319 327 365 367 388 397 403 429 451 463 468 478 487 502 529 537 542 544
N 906
 16 25 36 61 71 77 79 113 123 132 149 160 172 175 183 219 224 248 250 274 277 279 285 360 362 375 395 401 432 459 460 504 543 561 588 590
N 907
 25 54 60 87 90 94 111 119 120 121 123 140 146 164 187 211 251 265 278 284 322 331 345 384 390 420 432 503 506 536 575 580 588 593 598 603
N 908
 24 31 54 56 66 86 103 127 140 193 209 216 225 227 244 273 274 289 319 364 365 370 382 410 425 449 462 481 494 498 501 513 524 556 603 605
N 909
 5 13 18 20 28 33 59 70 89 99 109 136 137 164 183 205 233 257 284 290 374 398 420 431 435 451 456 460 462 556 559 566 583 595 607 611
N 910
 6 8 15 73 123 134 141 168 178 206 209 262 266 299 304 322 341 386 399 400 407 415 434 440 480 512 516 529 541 546 548 553 554 592 599 605
N 911
 0 6 12 17 58 61 86 109 119 124 134 152 176 236 262 271 292 302 317 401 432 434 445 462 463 466 474 480 482 485 516 521 532 558 567 611
N 912
 10 16 31 38 43 64 68 80 106 112 135 144 158 159 222 235 272 292 298 301 321 329 404 415 436 445 449 484 494 516 558 580 598 606 610 612
N 913
 14 25 75 79 82 100 106 119 121 126 152 168 197 218 225 234 281 291 321 323 326 352 403 407 418 439 455 475 482 484 491 543 570 586 587 605
N 914
 32 48 49 50 85 109 118 155 175 184 186 187 189 207 214 217 229 255 287 302 310 319 338 357 374 397 413 414 429 449 467 505 537 538 595 607
N 915
 57 80 98 112 137 145 155 159 166 171 177 199 210 217 237 248 260 274 287 295 339 352 353 376 378 387 433 473 488 497 500 527 535 569 590 598
N 916
 6 22 30 71 76 86 87 110 125 148 174 200 204 224 228 272 299 320 327 371 382 397 402 415 424 455 456 486 491 499 501 529 549 565 575 598
N 917
 3 63 83 118 124 156 181 183 193 198 220 236 281 295 315 328 335 349 380 393 394 399 437 469 473 485 496 498 501 504 510 512 525 537 581 606
N 918
 19 22 34 39 50 56 60 61 82 87 113 150 168 180 206 218 223 240 261 297 357 395 397 412 416 444 474 493 496 531 538 561 562 578 579 608
N 919
 2 16 55 64 66 111 123 150 156 164 173 184 202 239 245 251 274 303 309 324 381 383 394 401 404 443 444 445 464 468 521 562 590 597 600 605
N 920
 3 4 5 31 49 55 105 132 140 145 153 173 210 220 242 258 288 290 296 308 346 375 407 408 418 421 427 433 457 499 504 547 569 580 584 612
